9315400 37654 -20668 -712.595 680.321 0.203947
9330400 29344 -16810 -1164.39 596.761 0.203947
9330600 -12892 10650 -642.889 764.177 0.203947
9315400 37546 -20587 -687.419 684.353 0.303969
9330400 29134.6 -16670.4 -1173.8 802.343 0.303969
9330600 -13073.8 10737.9 -935.69 668.992 0.303969
9315400 37476.9 -20534.6 -739.7 692.963 0.413951
9330400 29056 -16643.8 -1096.21 760.561 0.413951
9330600 -13151.5 10794.3 -947.903 638.737 0.413951
9315400 37351.9 -20457 -841.7 669.33 0.523949
9330400 28853.6 -16647.3 -1404.86 519.422 0.523949
9330600 -13261.9 10896.4 -878.157 595.918 0.523949
9315400 37269 -20378.2 -808.795 734.338 0.633945
9330400 28666.9 -16649.9 -1278.33 443.641 0.633945
9330600 -13369.6 10968.7 -835.232 342.789 0.633945
9315400 37233.9 -20359.8 -822.996 663.472 0.733948
9330400 28610.4 -16610.8 -1138.6 497.316 0.733948
9330600 -13751.3 10758.9 -1399.89 -291.999 0.733948
9315400 37068.6 -20233.2 -860.806 735.394 0.843947
9330400 28499.9 -16516.9 -1134.31 834.099 0.843947
9330600 -13938.1 10676.1 -1284.44 -406.391 0.843947
9315400 36982.8 -20180.4 -847.34 664.731 0.943952
9330400 28426 -16439.7 -1023.66 1094.12 0.943952
9330600 -13959.4 10676.1 -1124.75 -273.65 0.943952
9315400 36905.8 -20146.4 -775.74 608.385 1.053924
9330400 28258.3 -16303.5 -1164.54 1138.09 1.053924
9330600 -13991.6 10732.4 -1153.01 -139.422 1.053924
9315400 36783.9 -20073.2 -883.386 732.042 1.153946
9330400 28112.6 -16414.6 -1043.89 485.699 1.153946
9330600 -14065.8 10812.2 -918.633 29.7836 1.153946
9315400 36590.9 -19926.3 -1122.33 878.867 1.253949
9330400 28004.9 -16414 -835.633 247.796 1.253949
9330600 -14231.7 10876.8 -876.245 -101.324 1.253949
9315400 36467.2 -19850.8 -1039.3 749.006 1.363947
9330400 27847.4 -16310.5 -872.003 383.695 1.363947
9330600 -14377.9 10940.6 -925.886 30.1231 1.363947
9315400 36456 -19853.3 -935.361 601.452 1.463948
9330400 27806.9 -16287.6 -916.111 342.633 1.463948
9330600 -14455.5 10901.8 -1096.38 -191.219 1.463948
9315400 36330.4 -19753.7 -905.356 658.984 1.573946
9330400 27607.9 -16238.2 -969.008 313.256 1.573946
9330600 -14562.3 10868.2 -1073.95 -324.921 1.573946
9315400 36279.2 -19708.6 -936.146 784.268 1.683947
9330400 27558.1 -16174.6 -913.246 526.836 1.683947
9330600 -14638.6 10875.2 -1023.3 -356.461 1.683947
9315400 36283.9 -19617.1 -892.721 878.167 1.783949
9330400 27419.7 -16131.7 -1029.7 294.525 1.783949
9330600 -14780.4 10938 -1099.9 60.0156 1.783949
9315400 36109.7 -19608.4 -910.853 620.856 1.893946
9330400 27301.3 -16098.1 -1150.09 380.578 1.893946
9330600 -14873.3 11003.8 -1152.96 240.222 1.893946
9315400 35832.5 -19535.1 -1076.64 626.031 1.993948
9330400 27081.8 -15977.5 -1307.65 635.863 1.993948
9330600 -14987.3 11115.3 -1187.04 566.68 1.993948
9315400 35661.2 -19463.2 -1034.39 567.603 2.103946
9330400 26869.6 -15856.1 -1379.03 722.058 2.103946
9330600 -15132.5 11183.8 -1155.1 530.888 2.103946
9315400 35538.2 -19419.6 -1255.61 638.203 2.203948
9330400 26717 -15799.6 -1488.53 736.329 2.203948
9330600 -15189.4 11203.8 -1018.8 538.341 2.203948
9315400 35366.9 -19316.8 -1286.54 603.125 2.313941
9330400 26529.8 -15652.4 -1413.74 754.713 2.313941
9330600 -15283.2 11249.2 -945.436 595.086 2.313941
9315400 35312.5 -19297.2 -1246.7 565.602 2.413947
9330400 26401.7 -15599.6 -1533.81 959.452 2.413947
9330600 -15304.4 11210.9 -913.866 381.567 2.413947
9315400 35200.5 -19266.4 -1038.35 521.506 2.513948
9330400 26171.2 -15482.2 -1602.72 872.243 2.513948
9330600 -15371.7 11221.6 -836.905 346.646 2.513948
9331400 -36502 -3524 1184.67 301.373 2.513948
9315400 35145.8 -19196.3 -703.971 540.636 2.623948
9330400 26065.6 -15399.7 -1299.65 704.658 2.623948
9330600 -15527.7 11146.2 -972.82 -460.315 2.623948
9331400 -36339.6 -3489.04 1105.14 192.918 2.623948
9315400 35115.2 -19158.7 -687.585 557.561 2.733946
9330400 25980.1 -15352.5 -1234.33 867.575 2.733946
9330600 -15584.8 11073.5 -913.208 -650.665 2.733946
9331400 -36280 -3482.74 1029.63 160.409 2.733946
9315400 34983.1 -19124.5 -663.196 414.951 2.833948
9330400 25637.1 -15265.8 -1462.38 789.679 2.833948
9330600 -15660.5 11010.8 -814.091 -707.447 2.833948
9331400 -36079.7 -3467.94 1069.2 97.8764 2.833948
9315400 34904.1 -19086.8 -714.281 419.535 2.943948
9330400 25555.4 -15227.1 -1296.25 789.067 2.943948
9330600 -15673.5 11018.3 -759.822 -622.945 2.943948
9331400 -35994.4 -3436.41 1132.84 190.643 2.943948
9315400 34769.2 -19056.8 -774.44 276.568 3.053944
9330400 25395.6 -15190.2 -1194.46 629.567 3.053944
9330600 -15671.5 10988.4 -620.245 -506.425 3.053944
9331400 -35810.4 -3400.33 1177.19 306.319 3.053944
9315400 34587.9 -19053.5 -813.486 297.255 3.153946
9330400 25303.2 -15094.5 -1121.05 731.039 3.153946
9330600 -15691.9 11009.5 -678.684 -469.424 3.153946
9331400 -35592.7 -3353.26 1214.04 339.73 3.153946
9315400 34499.1 -19029.9 -898.17 351.909 3.263919
9330400 25230.2 -15083.8 -1166.6 676.731 3.263919
9330600 -15724.7 11020.9 -613.604 -464.048 3.263919
9331400 -35498.5 -3335.68 1206.64 208.63 3.263919
9315400 34286.2 -18943.9 -1044.37 425.634 3.363947
9330400 25041.2 -15034.5 -1164.48 503.273 3.363947
9330600 -15734.1 11025.9 -554.399 -341.402 3.363947
9331400 -35291.5 -3426.76 1352.73 -201.223 3.363947
9315400 34219.1 -18899.9 -1068.02 466.544 3.473954
9330400 24908.1 -14995.7 -1231.35 596.085 3.473954
9330600 -15735.2 11032.1 -540.388 -301.816 3.473954
9331400 -35171.4 -3445.07 1357.54 -296.187 3.473954
9315400 34016.7 -18881.4 -1064.11 344.518 3.583950
9330400 24901.5 -14961.4 -928.426 428.569 3.583950
9330600 -15749.9 11087.3 -593.328 -21.1928 3.583950
9331400 -34990.6 -3468.19 1208.05 -300.319 3.583950
9315400 33886.5 -18888.2 -1155.13 273.673 3.693937
9330400 24722.7 -14885.6 -885.318 686.147 3.693937
9330600 -15747.2 11201.7 -589.831 223.513 3.693937
9331400 -34912.2 -3500.95 1157.39 -283.781 3.693937
9315400 33828.6 -18867.8 -1026.42 341.374 3.793947
9330400 24478.9 -14741.3 -981.995 850.631 3.793947
9330600 -15739.4 11275 -580.654 458.373 3.793947
9331400 -34704.6 -3366.25 1252.66 -265.35 3.793947
9315400 33665.2 -18838.9 -1160.79 371.273 3.903946
9330400 24262.3 -14649.1 -1046.49 838.608 3.903946
9330600 -15716.6 11393.6 -378.318 760.231 3.903946
9331400 -34572.1 -3361.61 1108.89 -219.525 3.903946
9315400 33601.7 -18797 -1285.14 521.324 4.003965
9330400 24200.9 -14617.8 -1026.48 741.653 4.003965
9330600 -15709.9 11471.1 -287.45 793.237 4.003965
9331400 -34500 -3325.19 1098.47 -192.619 4.003965
9315400 33414.2 -18740.1 -1278.3 590.508 4.113947
9330400 24056.8 -14632.3 -1054.66 597.883 4.113947
9330600 -15690.9 11584.3 -194.921 812.096 4.113947
9331400 -34235 -3283.2 1187.3 -249.932 4.113947
9315400 33315.2 -18691.7 -1326.91 520.535 4.213950
9330400 23918.4 -14606.2 -1109.21 527.416 4.213950
9330600 -15689.4 11637.7 -175.798 837.763 4.213950
9331400 -34152.1 -3291.38 1083.51 -214.441 4.213950
9315400 33145.5 -18668.3 -1222.92 416.749 4.323948
9330400 23797 -14574.5 -1024.82 538.103 4.323948
9330600 -15697.2 11803.6 -157.721 1045.37 4.323948
9331400 -33998.7 -3250.27 1142.03 -137.001 4.323948
9315400 33013.2 -18610.3 -1040.57 397.934 4.433946
9330400 23580.2 -14505.3 -1104.61 610.839 4.433946
9330600 -15697.3 11919.8 -66.5222 981.817 4.433946
9331400 -33754.5 -2877.58 1564.25 369.049 4.433946
9331600 41632 -22598 -1313.87 515.034 4.433946
9315400 32964.7 -18591.5 -920.653 406.516 4.533948
9330400 23525.7 -14491 -975.748 593.46 4.533948
9330600 -15715.8 11997.6 -91.1767 1005.08 4.533948
9331400 -33695.8 -2756.58 1558.66 543.36 4.533948
9331600 41541.9 -22559.6 -1264.49 391.194 4.533948
9315400 32768.1 -18506.9 -1018.57 655.665 4.643946
9330400 23296.6 -14377.1 -1013.64 644.033 4.643946
9330600 -15720.1 12158.8 -34.5708 1052.2 4.643946
9331400 -33603.7 -2636.29 1413.22 725.966 4.643946
9331600 41395.4 -22487.6 -1246.41 502.056 4.643946
9315400 32667.8 -18465.4 -980.626 594.336 4.743948
9330400 23189.9 -14333.5 -1042.58 532.489 4.743948
9330600 -15739.7 12246.5 10.2197 1167.38 4.743948
9331400 -33541.2 -2563.85 1175.24 698.091 4.743948
9331600 41280.6 -22457.5 -1250.61 437.33 4.743948
9315400 32569 -18405 -868.291 522.867 4.853924
9330400 22970.3 -14238.8 -1095.8 647.11 4.853924
9330600 -15730.2 12460.1 154.765 1363.96 4.853924
9331400 -33398.5 -2377.29 1069.45 777.45 4.853924
9331600 40978.5 -22386.5 -1465.51 573.939 4.853924
9315400 32454.4 -18356.8 -924.594 411.138 4.953953
9330400 22766.6 -14129.7 -1109.16 703.255 4.953953
9330600 -15720.8 12624.7 156.268 1279.78 4.953953
9331400 -33283 -2275.32 966.053 727.08 4.953953
9331600 40732.7 -22292.6 -1723.62 576.837 4.953953
9315400 32383.4 -18366.9 -874.707 384.156 5.063948
9330400 22689.1 -14076.5 -1108.8 728.622 5.063948
9330600 -15677.5 12660.1 166.549 1088.97 5.063948
9331400 -33230.9 -2246.99 877.283 619.994 5.063948
9331600 40625.4 -22242.7 -1667.77 714.012 5.063948
9315400 32127.3 -18292.7 -1356.07 392.11 5.173947
9330400 22599.6 -13996.1 -951.24 638.498 5.173947
9330600 -15665.9 12770 177.4 975.965 5.173947
9331400 -33103.8 -2166.37 876.334 466.451 5.173947
9331600 40421.7 -22143.5 -1732.13 442.515 5.173947
9315400 31979 -18239.2 -1256.59 307.964 5.273948
9330400 22446 -14083.9 -1110.93 286.695 5.273948
9330600 -15687.2 12933.9 193.462 1142.36 5.273948
9331400 -33019.8 -2139.52 850.363 382.598 5.273948
9331600 40285.9 -22113.6 -1681.08 347.562 5.273948
9315400 31850.1 -18119.7 -1111.72 595.173 5.383945
9330400 22101.6 -13863.8 -1322.34 854.053 5.383945
9330600 -15683.7 13169.6 407.274 1132.2 5.383945
9331400 -32873.2 -2087.27 915.794 420.283 5.383945
9331600 40033.7 -21856.4 -1740.68 715.258 5.383945
9315400 31677 -18011.8 -1350.18 588.621 5.483952
9330400 21959.9 -13786.7 -1412.89 927.593 5.483952
9330600 -15684.1 13237.1 278.577 1130.15 5.483952
9331400 -32812.2 -2085.14 923.61 339.097 5.483952
9331600 40010.7 -21832.9 -1435.01 748.751 5.483952
9315400 31496.6 -18004.9 -1236.55 413.126 5.593947
9330400 21891.3 -13775.2 -1041.09 651.302 5.593947
9330600 -15639.3 13405.1 301.39 1049.18 5.593947
9331400 -32653.1 -1952.86 1077.23 498.078 5.593947
9331600 39869.7 -21659.8 -1369.2 901.261 5.593947
9315400 31342.6 -17949.3 -1119.78 531.286 5.703932
9330400 21736 -13648.2 -1134.47 729.637 5.703932
9330600 -15660 13562 -6.88718 1114.46 5.703932
9331400 -32484.2 -1873.58 944.903 583.147 5.703932
9331600 39645.7 -21492.5 -1499.84 943.448 5.703932
9315400 31278.8 -17905.7 -964.453 577.074 5.803953
9330400 21625.7 -13606.2 -1217.8 853.375 5.803953
9330600 -15593.3 13682 158.069 1244.69 5.803953
9331400 -32449.6 -1836.47 830.638 603.115 5.803953
9331600 39544.7 -21389 -1556.45 1034.82 5.803953
9315400 31145.7 -17837.2 -856.374 552.947 5.913946
9330400 21400 -13521 -1403.88 995.989 5.913946
9330600 -15504.4 13842.3 352.854 1236.66 5.913946
9331400 -32335.6 -1719.12 675.659 644.733 5.913946
9331600 39356.6 -21325.2 -1337.96 850.922 5.913946
9315400 31140.3 -17836.8 -619.99 556.973 6.013951
9330400 21313.7 -13455.1 -1347.1 1037.69 6.013951
9330600 -15496.4 13896.6 282.892 1173.45 6.013951
9331400 -32310 -1644.08 584.036 612.317 6.013951
9331600 39266.9 -21268.3 -1338.78 726.745 6.013951
9315400 30888.6 -17815.2 -860.698 61.0305 6.123947
9330400 21064 -13338.1 -1379.79 1140.07 6.123947
9330600 -15506.2 14019.1 281.906 1093.89 6.123947
9331400 -32071.4 -1614.26 1005.37 455.088 6.123947
9331600 39084.7 -21139.9 -1332.47 695.632 6.123947
9315400 30681.4 -17705 -1086.46 501.484 6.233946
9330400 20846.6 -13255.4 -1437.04 1203.39 6.233946
9330600 -15508.4 14231 339.905 1159.93 6.233946
9331400 -31792.5 -1639.61 1305.47 283.061 6.233946
9331600 38936.3 -21056.3 -1283.64 650.435 6.233946
9315400 30549.2 -17583.3 -1028.15 676.089 6.333952
9330400 20803.7 -13208.3 -1100.46 1130.15 6.333952
9330600 -15478.8 14310.9 386.227 1139.13 6.333952
9331400 -31689.2 -1623.7 1317.16 289.168 6.333952
9331600 38827.4 -21017.4 -1278.19 682.385 6.333952
9315400 30379.3 -17585.6 -1327.13 482.333 6.443946
9330400 20681.2 -13112.7 -941.613 1110.52 6.443946
9330600 -15434.1 14410.3 366.603 1022.21 6.443946
9331400 -31489.3 -1542.03 1406.68 374.809 6.443946
9331600 38651 -20934.3 -1235.69 818.597 6.443946
9315400 30291.9 -17538.9 -1388.96 613.038 6.543950
9330400 20597.6 -13031.2 -1032.27 1271.41 6.543950
9330600 -15401.8 14483.8 352.235 975.231 6.543950
9331400 -31415.4 -1499.03 1163.54 419.796 6.543950
9331600 38550.3 -20877.4 -1227.38 876.667 6.543950
9315400 30134.4 -17493.7 -1311.12 594.229 6.653916
9330400 20459.7 -12928.5 -1058.63 959.543 6.653916
9330600 -15362.1 14605.5 329.459 923.739 6.653916
9331400 -31283.3 -1406 1013.79 372.67 6.653916
9331600 38363.3 -20786.1 -1317.91 785.48 6.653916
9315400 29995.9 -17429 -1063.98 777.862 6.753947
9330400 20283.2 -12902.4 -1057.79 895.513 6.753947
9330600 -15230.9 14843.3 601.811 1065.14 6.753947
9331400 -31075.9 -1378.73 1270.21 427.527 6.753947
9331600 38141.5 -20699 -1435.65 794.813 6.753947
9315400 29899.8 -17386.3 -1159.53 775.57 6.863931
9330400 20196.6 -12859.1 -1096.6 818.137 6.863931
9330600 -15182.8 14919.6 631.802 1039.07 6.863931
9331400 -30951 -1378.17 1454.46 349.284 6.863931
9331600 38106.9 -20678.8 -1378.4 677.638 6.863931
9315400 29705.5 -17283.5 -1221.61 768.164 6.963947
9330400 20010.5 -12818.2 -1161.92 478.635 6.963947
9330600 -15225.9 15036.7 538.709 912.935 6.963947
9331400 -30736.4 -1321.43 1443.48 322.04 6.963947
9331600 37957.2 -20562.9 -1337.13 830.906 6.963947
9315400 29631.8 -17250 -1269.13 821.865 7.063949
9330400 20029.1 -12835.6 -1057.07 461.794 7.063949
9330600 -15169.9 15078.2 655.17 889.182 7.063949
9331400 -30546.6 -1333.08 1761.15 196.11 7.063949
9331600 37859 -20499.5 -1270.45 891.473 7.063949
9315400 29431.4 -17155.2 -1226.28 837.782 7.173946
9330400 19869.1 -12761.5 -1190.99 504.551 7.173946
9330600 -15158.9 15207.2 470.686 1089.14 7.173946
9331400 -30248.4 -1177.66 2060.03 125.696 7.173946
9331600 37683 -20469.8 -1178.85 624.863 7.173946
9315400 29315.9 -17151.4 -1366.03 489.04 7.273950
9330400 19753.9 -12700.2 -1130.92 483.893 7.273950
9330600 -15198.3 15256.2 178.815 1219.33 7.273950
9331400 -30152.8 -945.311 2072.85 676.73 7.273950
9331600 37606.2 -20477.6 -1091.83 530.237 7.273950
9315400 29147.4 -17111.7 -1413.1 406.245 7.373951
9330400 19651.6 -12690.2 -936.61 245.505 7.373951
9330600 -15214.3 15370.4 196.016 1001.1 7.373951
9331400 -29906.4 -961.228 1868.58 381.866 7.373951
9331600 37445.8 -20386.6 -1039.12 538.111 7.373951
9315400 29042 -17092.5 -1296.98 380.565 7.483949
9330400 19589.2 -12680.7 -844.271 183.626 7.483949
9330600 -15208.7 15377 214.877 772.487 7.483949
9331400 -29770.6 -944.504 1725.96 339.454 7.483949
9331600 37348.7 -20341.7 -1104.67 521.524 7.483949
9315400 28925.5 -17075.5 -1017.62 274.492 7.593948
9330400 19384.2 -12554.1 -963.536 393.029 7.593948
9330600 -15157.5 15483.6 263.481 778.874 7.593948
9331400 -29703.6 -951.137 1438.98 164.855 7.593948
9331600 37253.5 -20233 -941.57 626.693 7.593948
9315400 28821.1 -17096.1 -883.618 183.428 7.703948
9330400 19188.9 -12459.1 -1053.14 295.107 7.703948
9330600 -15111.4 15645.4 232.367 914.992 7.703948
9331400 -29454.1 -861.436 1674.18 376.961 7.703948
9331600 37095.3 -20125.9 -1008.49 711.009 7.703948
9315400 28761.3 -17075 -946.645 295.915 7.803948
9330400 19130.9 -12464.3 -1010.68 221.78 7.803948
9330600 -15079.1 15740.1 257.6 923.491 7.803948
9331400 -29337.7 -786.654 1595.38 655.783 7.803948
9331600 37034 -20081.3 -916.045 680.502 7.803948
9315400 28618.8 -16966.5 -1050.97 446.276 7.913947
9330400 19098.5 -12419.4 -867.798 305.876 7.913947
9330600 -14987.2 15921.4 445.59 937.709 7.913947
9331400 -29075.7 -683.606 1583.12 776.412 7.913947
9331600 36894.8 -19914.8 -764.477 770.576 7.913947
9315400 28534.6 -16920 -1044.9 415.679 8.023947
9330400 19020.8 -12370.4 -929.147 347.101 8.023947
9330600 -14967.5 16002.3 446.891 914.739 8.023947
9331400 -29132.8 -654.057 1207.44 444.901 8.023947
9331600 36718.9 -19895.9 -787.347 591.234 8.023947
9315400 28425.9 -16915.2 -1191.91 436.444 8.123949
9330400 18691.5 -12268.3 -997.303 405.854 8.123949
9330600 -14881.7 16194.2 616.156 935.139 8.123949
9331400 -28958.8 -636.387 1316.19 315.563 8.123949
9331600 36571.2 -19825.1 -723.443 518.851 8.123949
9315400 28236.4 -16852.4 -1131.33 461.907 8.233947
9330400 18503.7 -12232.9 -1050.46 478.57 8.233947
9330600 -14832.8 16394.9 589.717 1167.22 8.233947
9331400 -28811.3 -400.017 1212.1 740.888 8.233947
9331600 36436.2 -19806.4 -707.689 428.178 8.233947
9315400 28200.3 -16821.6 -1017.29 400.905 8.333956
9330400 18406.6 -12194.7 -1169.47 662.179 8.333956
9330600 -14820 16476.9 480.593 1204.77 8.333956
9331400 -28754.5 -396.471 1078.63 660.41 8.333956
9331600 36390.4 -19789.4 -740.122 304.451 8.333956
9315400 28079.2 -16737.8 -828.299 442.113 8.443953
9330400 18165.2 -12067.1 -1362.15 607.453 8.443953
9330600 -14767 16579.6 413.146 1020.85 8.443953
9331400 -28587.9 -343.612 1049.29 473.776 8.443953
9331600 36354.1 -19690.3 -718.128 525.387 8.443953
9315400 28000.9 -16698.9 -839.858 470.358 8.553906
9330400 18081 -12081.5 -1377.43 197.216 8.553906
9330600 -14798.6 16666.3 289.599 1080.22 8.553906
9331400 -28539.9 -398.004 1005.38 342.476 8.553906
9331600 36235.9 -19697.8 -854.944 500.599 8.553906
9315400 27890.5 -16760.9 -689.889 294.656 8.653915
9330400 17846.9 -11956.1 -1458.7 350.787 8.653915
9330600 -14843.5 16863.3 7.23826 1165.81 8.653915
9331400 -28412.5 -270.823 1026.29 578.41 8.653915
9331600 35878.3 -19569.5 -845.377 1110.95 8.653915
9315400 27715 -16687.8 -822.184 372.324 8.753947
9330400 17655.6 -11766 -1550.28 659.369 8.753947
9330600 -14852.8 17019.5 -4.76789 1081.47 8.753947
9331400 -28224.5 -67.7357 1151.91 808.206 8.753947
9331600 35667.3 -19500.9 -948.133 899.449 8.753947
9315400 27605.5 -16662.8 -987.905 349.894 8.863938
9330400 17632.4 -11767.7 -1339.18 662.736 8.863938
9330600 -14835.4 17107.4 93.0174 1147.21 8.863938
9331400 -28149.2 17.9056 1094.16 913.86 8.863938
9331600 35562.2 -19429.6 -991.424 999.301 8.863938
9315400 27468.6 -16721.1 -1046.21 276.652 8.963947
9330400 17258.4 -11542 -1755.7 819.188 8.963947
9330600 -14788.7 17358.5 93.1954 1182.69 8.963947
9331400 -28067.2 139.585 953.183 806.807 8.963947
9331600 35347.1 -19322 -1187.19 818.04 8.963947
9315400 27422.6 -16708.6 -911.221 263.1 9.073948
9330400 16996.4 -11443.2 -1942.44 1066.97 9.073948
9330600 -14764.3 17453.7 144.213 1168.49 9.073948
9331400 -28023.8 181.911 969.533 785.681 9.073948
9331600 35259.2 -19263.4 -1235.98 752.676 9.073948
9315400 27274 -16639.8 -860.164 375.982 9.183950
9330400 16681 -11229.9 -2143.91 1153.77 9.183950
9330600 -14734.3 17615.4 82.4418 998.57 9.183950
9331400 -27733.6 345.487 888.311 859.38 9.183950
9331600 34902.3 -19280 -1587.84 282.596 9.183950
9315400 27187 -16597.1 -876.441 378.657 9.293946
9330400 16595.5 -11194.4 -2047.54 1109.12 9.293946
9330600 -14731.9 17694.4 102.873 916.657 9.293946
9331400 -27671.5 407.471 819.64 783.401 9.293946
9331600 34779.3 -19333.4 -1544.17 -37.9086 9.293946
9315400 27071.4 -16517.7 -858.871 540.017 9.394011
9330400 16436.7 -11046.5 -1730.14 1120.29 9.394011
9330600 -14623.9 17892.1 319.648 1068.02 9.394011
9331400 -27582 493.992 599.924 730.078 9.394011
9331600 34587.4 -19435.1 -1623.17 -272.396 9.394011
9315400 26914.4 -16446.3 -829.477 505.392 9.503946
9330400 16343.4 -10910.5 -1316.76 1017.93 9.503946
9330600 -14574.3 18088.2 231.822 1046.3 9.503946
9331400 -27163 339.463 1129.75 653.152 9.503946
9331600 34350.5 -19444.4 -1498.4 -58.8577 9.503946
9315400 26837.7 -16398.8 -821.01 573.651 9.603949
9330400 16245.1 -10875.5 -1257.13 882.156 9.603949
9330600 -14537.2 18189.3 166.3 1131.46 9.603949
9331400 -27049.8 411.987 1209.25 723.329 9.603949
9331600 34241.9 -19417.7 -1540.45 33.0453 9.603949
9315400 26639.1 -16288.9 -999.878 727.945 9.713946
9330400 16150.1 -10815.3 -965.896 694.2 9.713946
9330600 -14487.6 18364 192.802 1206.22 9.713946
9331400 -26804.2 508.664 1371.33 822.626 9.713946
9331600 34103.4 -19309.1 -1362 282.503 9.713946
9315400 26514.5 -16281.7 -1183.85 607.984 9.823940
9330400 16086.4 -10772.5 -944.443 770.545 9.823940
9330600 -14487.6 18454.6 173.193 1203.08 9.823940
9331400 -26704.3 586.095 1304.89 867.076 9.823940
9331600 34051.3 -19289.8 -1301.29 349.334 9.823940
9315400 26340.9 -16226.8 -1103.05 531.437 9.923949
9330400 15987.9 -10629.1 -885.369 943.951 9.923949
9330600 -14640.6 18702.7 55.8537 1454.03 9.923949
9331400 -26562 693.759 1243.41 798.294 9.923949
9331600 33833.5 -19229.4 -1344.89 253.034 9.923949
9315400 26221 -16251.4 -1045.44 232.735 10.033945
9330400 15817.4 -10465.2 -913.185 1054.82 10.033945
9330600 -14483 18899.3 92.982 1257.52 10.033945
9331400 -26289.7 715.3 1532.29 540.768 10.033945
9331600 33645.8 -19207.9 -1194.1 158.919 10.033945
9315400 26150.1 -16207.4 -1161.42 184.12 10.143946
9330400 15762.1 -10421.6 -883.492 992.047 10.143946
9330600 -14447.5 18973.3 131.376 1234.59 10.143946
9331400 -26179.8 737.727 1398.35 461.26 10.143946
9331600 33558.1 -19254.7 -1168.1 72.93 10.143946
9315400 25985.9 -16142.9 -1232.19 205.403 10.253942
9330400 15616.1 -10252.4 -960.258 1132.86 10.253942
9330600 -14421.3 19119.6 102.639 1165 10.253942
9331400 -25976.3 773.209 1296.59 414.467 10.253942
9331600 33339 -19252.9 -1134.39 149.132 10.253942
9315400 25747 -16170 -1309.37 180.369 10.353945
9330400 15451.2 -10094.6 -1065.49 1223.77 10.353945
9330600 -14418.8 19267.6 116.56 1056.26 10.353945
9331400 -25758.5 657.17 1663.8 152.6 10.353945
9331600 33140.4 -19181.1 -1164.31 340.452 10.353945
9315400 25586.6 -16101 -1639.52 542.008 10.463943
9330400 15333.2 -9939.64 -1117.72 1387.42 10.463943
9330600 -14451.1 19405.4 37.2633 1136.85 10.463943
9331400 -25645 697.508 1598.58 112.849 10.463943
9331600 33052.4 -19128.4 -1202.29 475.831 10.463943
9315400 25370.7 -15942.9 -1653.07 828.383 10.563944
9330400 15124.7 -9693.83 -1216.17 1349.79 10.563944
9330600 -14441.1 19605.5 164.528 1350.95 10.563944
9331400 -25461.2 753.152 1649.59 276.838 10.563944
9331600 32909.2 -19042.7 -988.121 514.355 10.563944
9315400 25344.3 -15906.1 -1558.62 736.713 10.673929
9330400 15035.4 -9605.09 -1216.13 1323.09 10.673929
9330600 -14438.7 19706.7 173.664 1197.94 10.673929
9331400 -25606.9 918.304 1243.02 379.027 10.673929
9331600 32839.4 -19035.1 -968.481 399.078 10.673929
9315400 25136.7 -15808.3 -1581.86 720.456 10.773950
9330400 14954 -9612.99 -901.007 996.425 10.773950
9330600 -14434.7 19881.2 38.4979 1177.23 10.773950
9331400 -25470 1032.58 947.035 520.544 10.773950
9331600 32636.9 -19032.2 -1066.99 242.066 10.773950
9315400 25143.8 -15826.2 -1386.73 531.719 10.883945
9330400 14868.9 -9475.74 -888.437 1132.88 10.883945
9330600 -14450.6 19962.7 152.799 1441.97 10.883945
9331400 -25444.6 1103.63 782.221 580.776 10.883945
9331600 32544.7 -19049.2 -1132.82 82.5315 10.883945
9315400 25008.7 -15814.1 -1297.78 359.899 10.983950
9330400 14688.6 -9261.75 -922.135 1160.04 10.983950
9330600 -14436 20142.6 146.636 1356.11 10.983950
9331400 -25123.6 976.742 1455.66 252.713 10.983950
9331600 32422.9 -18992.9 -1055.88 326.105 10.983950
9315400 24874.1 -15789.8 -1534.17 313.968 11.093945
9330400 14611.7 -9209.74 -1025.26 1005.14 11.093945
9330600 -14424.9 20244.7 111.83 1295.37 11.093945
9331400 -25047.6 1015.73 1345 383.828 11.093945
9331600 32201.3 -19017.9 -1330.39 277.872 11.093945
9315400 24685.4 -15720.7 -1368.47 336.002 11.193952
9330400 14483.3 -9103.91 -1187.28 1022.94 11.193952
9330600 -14393.4 20397.8 91.3889 1030.77 11.193952
9331400 -24871.6 1107.04 1184.88 333.404 11.193952
9331600 32086.4 -18880.1 -1093.85 481.584 11.193952
9315400 24530.4 -15702.7 -1246.41 84.8549 11.303905
9330400 14250.2 -8861.74 -1332.89 1164.67 11.303905
9331400 -24659.8 1159.62 1202.78 404.296 11.303905
9331600 31620 -18824.2 -1644.39 563.447 11.303905
9315400 24461.7 -15644.9 -1346.35 358.508 11.403947
9330400 14444.3 -8980.16 -791.572 740.505 11.403947
9331400 -24570.2 1222.64 1202.8 488.945 11.403947
9331600 31499.8 -18775.7 -1666 543.425 11.403947
9315400 24285.6 -15500.1 -1281.4 636.387 11.513946
9330400 14193.2 -8801.9 -806.121 732.723 11.513946
9331400 -24333.1 1273.07 1338.48 363.734 11.513946
9331600 31430.8 -18754.2 -1291.18 290.209 11.513946
9315400 24215.9 -15459.5 -1214.25 503.377 11.623915
9330400 14100.2 -8715.26 -900.706 804.15 11.623915
9331400 -24209.8 1289.39 1426.23 396.326 11.623915
9331600 31374.6 -18706.4 -1632.73 421.187 11.623915
9315400 24039.1 -15405.1 -1184.23 266.051 11.723935
9330400 13864.9 -8477.09 -1234.36 1074.61 11.723935
9331400 -23866.9 1218.17 1901.05 173.011 11.723935
9331600 31101.2 -18430.6 -1682.72 332.824 11.723935
9315400 24127.7 -15549.6 -962.488 -147.943 11.823946
9330400 13660.3 -8260.92 -1294.12 1181.2 11.823946
9331400 -23634.5 1288 1827.16 181.407 11.823946
9331600 30891.5 -18397.9 -1627.4 232.596 11.823946
9315400 24066.3 -15548.3 -933.908 -35.7612 11.933935
9330400 13570.2 -8170.46 -1304.77 1206.14 11.933935
9331400 -23525.6 1302.08 1672.49 308.457 11.933935
9331600 30776.1 -18454.4 -1651.19 68.8929 11.933935
9315400 23865.1 -15427.4 -1191.11 313.154 12.033946
9330400 13428.2 -8011.75 -1203.88 1247.31 12.033946
9331400 -23368.8 1338.88 1146.4 416.825 12.033946
9331600 30493.3 -18407.8 -1780.28 277.99 12.033946
9315400 23740.9 -15392 -1336.34 350.546 12.133951
9330400 13344.1 -7930.89 -1231.93 1198.97 12.133951
9331400 -23327.3 1357.53 1022.72 452.925 12.133951
9331600 30444.1 -18466.3 -1767.24 -86.3866 12.133951
9315400 23501.1 -15265.8 -1570.55 459.302 12.243945
9330400 13168 -7776.67 -1243.26 1157.32 12.243945
9331400 -23221.1 1390.25 947.359 348.732 12.243945
9331600 30291.5 -18359.3 -1476.46 288.806 12.243945
9315400 23378.3 -15210.2 -1566.03 423.803 12.343946
9330400 13086.2 -7704.15 -1158.48 1058.35 12.343946
9331400 -23148.6 1442.66 952.018 317.547 12.343946
9331600 30217.6 -18351.6 -1485.82 312.747 12.343946
9315400 23264.8 -15127.7 -1378.59 566.823 12.443949
9330400 12992.3 -7675.28 -902.976 710.118 12.443949
9331400 -23030.3 1546.65 759.461 418.301 12.443949
9331600 29993.2 -18270.9 -1426.47 300.508 12.443949
9315400 23279.7 -15296.5 -619.87 170.747 12.553945
9330400 12965.6 -7610.73 -708.461 593.366 12.553945
9331400 -22902.9 1629.28 712.302 424.933 12.553945
9331600 29817.4 -18126.2 -1307.94 588.04 12.553945
9315400 23223.8 -15268.2 -706.906 168.831 12.663952
9330400 12954.7 -7582.28 -638.587 560.48 12.663952
9331400 -22844.6 1665.21 717.135 403.222 12.663952
9331600 29763.2 -18106.1 -1027.3 665.655 12.663952
9315400 23059.8 -15151.9 -852.43 236.728 12.773944
9330400 12887.1 -7442.64 -475.898 609.289 12.773944
9331400 -22755.3 1719.72 633.261 337.269 12.773944
9331600 29561 -18022.3 -1169.45 652.265 12.773944
9315400 22979.7 -15077.9 -959.43 328.436 12.873945
9330400 12821.3 -7356.38 -524.688 716.229 12.873945
9331400 -22710.5 1754.05 602.372 314.653 12.873945
9331600 29477.1 -17975.5 -1134.51 663.428 12.873945
9315400 22841.6 -14984.1 -876.776 338.931 12.983949
9330400 12562.9 -7165.2 -881.179 969.764 12.983949
9331600 29440.3 -18005 -679.666 522.91 12.983949
9315400 22746.2 -14947.1 -982.66 239.577 13.093944
9330400 12498.5 -7068.98 -953.784 1057.52 13.093944
9331600 29353.4 -17986.3 -713.827 475.832 13.093944
9315400 22593.9 -14934.7 -974.643 276.067 13.193954
9330400 12357.7 -6876.49 -1076.5 1163.86 13.193954
9331600 29269.1 -17999.7 -533.795 389.644 13.193954
9315400 22436 -14871.6 -971.588 366.014 13.303946
9330400 12218.4 -6786.26 -954.448 1012.98 13.303946
9331600 29061.9 -17977.6 -673.688 71.484 13.303946
9315400 22403.5 -14890.8 -902.461 325.369 13.413950
9330400 12099.3 -6688.73 -1064.59 1025.92 13.413950
9331600 28967.4 -17961.2 -668.871 37.5143 13.413950
9315400 22084.3 -14750.1 -1329.29 542.101 13.523947
9330400 11970.2 -6530.88 -1101.26 1034.83 13.523947
9331600 28855.7 -17937.4 -800.35 184.385 13.523947
9332600 -8048 10234 -643.877 -518.208 13.523947
9315400 22076.5 -14776.4 -1002.72 312.543 13.633945
9330400 11767.8 -6333.84 -1212.06 1081.6 13.633945
9331600 28545.5 -17801.3 -1385.8 748.566 13.633945
9332600 -8116.91 10160.4 -641.769 -470.346 13.633945
9315400 21936.6 -14670.4 -1165.5 503.478 13.733946
9330400 11648.7 -6267.96 -1226.88 1043.02 13.733946
9331600 28397.9 -17729.8 -1486 800.415 13.733946
9332600 -8108.55 10113.9 -534.135 -495.518 13.733946
9315400 21775.9 -14587.6 -1041.28 615.507 13.843945
9330400 11493.6 -6130.65 -1121.21 957.672 13.843945
9331600 28184.3 -17632.3 -1434.91 756.464 13.843945
9332600 -8074.71 9904.14 -471.237 -806.627 13.843945
9315400 21665.9 -14541.6 -1014.49 724.099 13.943951
9330400 11387.7 -6026.97 -1136.4 1018.16 13.943951
9331600 28123.1 -17596.1 -1306.61 762.041 13.943951
9332600 -8042.65 9815.01 -356.218 -915.682 13.943951
9315400 21485.5 -14510.2 -994.742 623.208 14.053923
9330400 11186.7 -5794.56 -1092.54 1216.98 14.053923
9331600 28023.4 -17591.6 -1108.46 637.116 14.053923
9332600 -8048.58 9608.26 -319.411 -1085.35 14.053923
9315400 21264.2 -14380.2 -1169.6 757.222 14.153953
9330400 11036.6 -5551.15 -1004.54 1250.8 14.153953
9331600 27858.8 -17506.3 -1201.54 547.206 14.153953
9332600 -7904.52 9402.69 114.207 -1058.29 14.153953
9315400 21176.2 -14342.1 -1207.18 652.113 14.263946
9330400 10951.5 -5456.16 -1079.02 1157.92 14.263946
9331600 27754.5 -17469.5 -1216.02 599.55 14.263946
9332600 -7879.25 9297.77 85.1014 -1130.86 14.263946
9315400 21045.2 -14302.5 -1114.68 526.867 14.373944
9330400 10824.4 -5199.76 -858.871 1093.84 14.373944
9331600 27578.1 -17469.8 -1151.78 474.572 14.373944
9332600 -7933.76 9098.69 -146.736 -1177.62 14.373944
9315400 21041.7 -14191 -1010.27 727.504 14.473951
9330400 10744.7 -5171.2 -916.262 990.984 14.473951
9331600 27503 -17413.1 -1099.14 435.91 14.473951
9332600 -7964.71 9009.21 -217.544 -1134.83 14.473951
9315400 20910.6 -14089.6 -925.622 729.661 14.583944
9330400 10542.2 -5103.39 -1286.35 973.748 14.583944
9331600 27417.5 -17393.5 -991.134 357.992 14.583944
9332600 -7932.07 8859.71 -69.4235 -981.869 14.583944
9315400 21040.5 -14063.9 -274.626 806.579 14.683947
9330400 10439.2 -4984.24 -1345.84 1089.67 14.683947
9331600 27296.2 -17384.4 -1109.9 323.04 14.683947
9332600 -7907.63 8801.03 -42.4665 -935.692 14.683947
9315400 20943.3 -14045.6 -289.646 648.508 14.793946
9330400 10307.7 -4933.64 -976.343 859.096 14.793946
9331600 27162.2 -17490.2 -1209.65 145.988 14.793946
9332600 -7836.49 8687.21 72.5918 -966.275 14.793946
9315400 20720.8 -13977.1 -617.406 872.512 14.903945
9330400 10269.8 -4878.4 -753.077 764.123 14.903945
9331600 27126.3 -17476 -981.986 319.296 14.903945
9332600 -7742.7 8522.34 213.281 -930.435 14.903945
9315400 20607.9 -13957.5 -624.184 699.972 15.003952
9330400 10228.2 -4836.18 -797.352 685.243 15.003952
9331600 27038.6 -17464.5 -955.018 265.975 15.003952
9332600 -7698.41 8458.25 327.443 -942.206 15.003952
9315400 20466.5 -13924.3 -665.87 619.951 15.113947
9330400 10068.6 -4719.94 -969.035 590.629 15.113947
9331600 26844.9 -17378.2 -947.254 462.008 15.113947
9332600 -7630.69 8327.71 410.84 -1023.17 15.113947
9315400 20401.8 -13887.4 -713.857 681.143 15.213949
9330400 10005.2 -4621.65 -917.482 788.084 15.213949
9331600 26753.7 -17298.6 -1031.84 583.166 15.213949
9332600 -7581.09 8244.43 426.409 -1041.47 15.213949
9315400 20271 -13829.7 -773.631 607.878 15.323949
9330400 9922.64 -4503.61 -804.931 770.126 15.323949
9331600 26569.4 -17116.3 -943.694 677.031 15.323949
9332600 -7423.18 8049.57 736.194 -1148.29 15.323949
9315400 20109.6 -13766.1 -900.62 671.739 15.433945
9330400 9754.71 -4257.32 -832.422 1035.63 15.433945
9331600 26441.7 -16963.7 -989.635 962.419 15.433945
9332600 -7278.4 7892.82 816.521 -1045.13 15.433945
9315400 20018.8 -13713.6 -1073.16 536.59 15.533946
9330400 9664.96 -4165.57 -875.957 1158.81 15.533946
9331600 26368.3 -16954.1 -911.248 839.14 15.533946
9332600 -7218.41 7837.82 865.37 -988.546 15.533946
9315400 19834.3 -13620.7 -1090.61 508.049 15.643946
9330400 9461.11 -3998.77 -903.956 1019.77 15.643946
9331600 26159.1 -16938.5 -888.167 636.765 15.643946
9332600 -7068.08 7709.39 895.197 -924.757 15.643946
9315400 19686.5 -13551.3 -967.477 467.113 15.753946
9330400 9340.42 -3874.24 -907.547 1014.51 15.753946
9331600 26018.8 -16932.7 -737.465 478.72 15.753946
9332600 -6971.95 7582.49 812.107 -867.413 15.753946
9315400 19573.3 -13495.2 -973.213 524.555 15.863946
9330400 9274.51 -3806.34 -910.212 845.68 15.863946
9331600 25925.4 -16904.6 -829.898 475.039 15.863946
9332600 -6996.92 7596.03 645.304 -569.91 15.863946
9315400 19527 -13475.4 -771.435 424.846 15.963946
9330400 9201.64 -3816.15 -794.098 714.465 15.963946
9331600 25685.1 -16862.9 -1053.85 368.237 15.963946
9332600 -6931.03 7548.81 542.228 -386.067 15.963946
9315400 19493 -13495.7 -668.346 236.985 16.063946
9330400 9137.54 -3755.65 -820.968 730.994 16.063946
9331600 25587.6 -16834.8 -1011.14 421.493 16.063946
9332600 -6862.18 7499.14 587.084 -341.382 16.063946
9315400 19429.9 -13459.2 -715.353 259.435 16.173946
9330400 9090.32 -3673.18 -701.368 684.378 16.173946
9331600 25454.6 -16683.1 -893.282 418.451 16.173946
9332600 -6718.66 7396.35 685.016 -425.902 16.173946
9315400 19410.8 -13413.3 -666.004 308.158 16.273952
9330400 8958.08 -3553.86 -809.871 727.885 16.273952
9331600 25313.8 -16575.2 -1101.09 443.985 16.273952
9332600 -6629.28 7351.95 735.579 -454.746 16.273952
9315400 19259.7 -13299.6 -849.573 257.932 16.383944
9330400 8771.08 -3340.75 -922.158 823.22 16.383944
9331600 25126.5 -16459.4 -1052.77 497.067 16.383944
9332600 -6321.59 7204.01 727.336 -402.482 16.383944
9315400 19172.9 -13260.2 -903.888 212.454 16.483944
9330400 8698.44 -3262.75 -833.735 837.18 16.483944
9331600 25077.7 -16433.4 -1037.87 467.964 16.483944
9332600 -6275.34 7183.53 629.947 -262.056 16.483944
9315400 19009.3 -13029.1 -1191.64 1007.5 16.593945
9330400 8567.76 -3169.03 -900.452 808.585 16.593945
9331600 24860 -16391.8 -983.629 322.945 16.593945
9332600 -6112.83 7138.32 752.902 -192.072 16.593945
9315400 19013.6 -12933.9 -589.679 1030.33 16.703939
9330400 8371.09 -3032.1 -1067.26 892.383 16.703939
9331600 24761 -16377.6 -739.915 158.28 16.703939
9332600 -6009.55 7128.81 725.917 -68.6601 16.703939
9315400 18959.8 -12886.7 -636.55 893.301 16.803947
9330400 8315.78 -2967.34 -1097.76 861.537 16.803947
9331600 24692.7 -16348.2 -661.492 151.4 16.803947
9332600 -5976.09 7124.93 812.357 -70.2232 16.803947
9315400 18853.8 -12811.7 -593.048 657.343 16.913942
9330400 8127.54 -2821.18 -1192.41 938.843 16.913942
9331600 24546.6 -16348.7 -823.974 61.2893 16.913942
9332600 -5693.94 6982.65 1492.02 -405.699 16.913942
9315400 18788 -12750.8 -560.625 646.7 17.013945
9330400 8062.7 -2713.09 -1091.75 1090.44 17.013945
9331600 24420.7 -16211.6 -850.12 276.276 17.013945
9332600 -5582.96 6952.71 1480.87 -427.346 17.013945
9315400 18648.5 -12630 -646.529 734.972 17.123943
9330400 7920.44 -2578.29 -1060.95 1025.34 17.123943
9331600 24228.9 -16125.1 -823.758 265.25 17.123943
9332600 -5403.33 6970.72 1297.72 -410.889 17.123943
9315400 18529.1 -12557 -801.886 721.117 17.233923
9330400 7774.77 -2520.13 -1310.92 816.183 17.233923
9331600 24080.3 -16025.4 -823.661 115.748 17.233923
9332600 -5387.76 6946.67 861.456 -325.974 17.233923
9315400 18458.7 -12521.1 -882.108 599.516 17.333979
9330400 7733.97 -2438.83 -1157.67 842.912 17.333979
9331600 24036.1 -16051.2 -944.462 161.196 17.333979
9332600 -5327.33 6915.9 812.175 -367.696 17.333979
9315400 18267 -12432.6 -920.466 462.56 17.443941
9330400 7567.98 -2324.59 -1121.29 839.343 17.443941
9331600 24044 -16031.1 -410.156 457.41 17.443941
9332600 -5219.52 6887.83 731.83 -376.717 17.443941
9315400 18234.8 -12411.5 -736.634 340.659 17.543951
9330400 7444.23 -2266.49 -1152.77 884.835 17.543951
9331600 24000.1 -15814.4 -298.958 762.768 17.543951
9332600 -5171.51 6865.7 713.135 -377.963 17.543951
9315400 18109.9 -12291.6 -1038.42 655.116 17.643970
9330400 7340.55 -2159.2 -1047.63 825.808 17.643970
9331600 23893.4 -15744.7 -463.393 901.799 17.643970
9332600 -4578.1 6626.87 1975.62 501.936 17.643970
9315400 18036.4 -12254.4 -971.273 517.774 17.753942
9330400 7120.27 -1935.76 -1422.68 1157.93 17.753942
9331600 23747 -15670.7 -597.374 1084.1 17.753942
9332600 -4213.28 6671.12 2491.74 231.191 17.753942
9315400 17905.7 -12095.1 -1008.81 631.338 17.853943
9330400 6961.33 -1724.87 -1299.46 1327.67 17.853943
9331600 23513.4 -15625.8 -1193.52 -56.1239 17.853943
9332600 -3845.33 6657.72 2461.37 -101.836 17.853943
9315400 17628.3 -11901.4 -1264.4 946.807 17.953943
9330400 6915.1 -1537.8 -870.787 1364.04 17.953943
9331600 23372.2 -15521.2 -957.876 605.139 17.953943
9332600 -3759.38 6567.55 1849.86 -532.421 17.953943
9315400 17564.5 -11926.5 -983.196 516.5 18.063944
9330400 6867.06 -1450.77 -874.798 1281.62 18.063944
9331600 23246.4 -15428.5 -1297.48 871.661 18.063944
9332600 -3622.69 6557.06 1854.37 -629.345 18.063944
9315400 17342.4 -11853.4 -955.762 392.85 18.173903
9330400 6526.96 -1279.84 -1308.26 1280.25 18.173903
9331600 23025.8 -15337.1 -1460.42 724.314 18.173903
9332600 -3425.24 6675.44 1851.47 -139.523 18.173903
9315400 17243.1 -11786.5 -957.299 523.088 18.273912
9330400 6391.1 -1230.46 -1459.12 1147.44 18.273912
9331600 22896.7 -15291.5 -1598.88 862.209 18.273912
9332600 -3331.21 6581.57 1761.17 -315.148 18.273912
9315400 17010.5 -11624.1 -1406.49 755.977 18.373943
9330400 6234.92 -1084.39 -1357.27 1037.03 18.373943
9331600 22640.6 -15177.4 -1611.92 930.698 18.373943
9332600 -3155.64 6422.44 1983.94 -354.994 18.373943
9315400 16892.3 -11500.8 -1396.54 1091.15 18.483944
9330400 6148.76 -1007.28 -1345.28 1037.8 18.483944
9331600 22535.6 -15161.3 -1536.58 782.707 18.483944
9332600 -3044.89 6396.74 1947.68 -360.37 18.483944
9315400 16791 -11323.1 -1152.48 1342.58 18.593945
9330400 6052.98 -869.464 -1303.76 1185.05 18.593945
9331600 22341.5 -15324.1 -1705.8 -112.317 18.593945
9332600 -2834.92 6304.04 1957.74 -432.517 18.593945
9315400 16749.6 -11271.4 -875.804 1126.11 18.703943
9330400 5865.13 -715.691 -1362.63 1115.99 18.703943
9331600 22222 -15295.8 -1371.78 104.267 18.703943
9332600 -2775.33 6371.82 1348.71 -225.484 18.703943
9315400 16728.5 -11201 -807.151 1072.42 18.803965
9330400 5791.5 -668.518 -1301.32 1137.98 18.803965
9331600 22186.7 -15286 -1033.25 110.858 18.803965
9332600 -2697.61 6363.67 1229.31 -211.07 18.803965
9315400 16681.3 -11034.2 -610.787 1048.47 18.913948
9330400 5668.85 -513.803 -1168.64 1167.29 18.913948
9331600 22055.5 -15136.7 -835.302 478.794 18.913948
9332600 -2565.19 6290.03 1165.42 -161.613 18.913948
9315400 16633.6 -10925.9 -583.126 949.733 19.013948
9330400 5604.74 -436.007 -1117.1 1084.05 19.013948
9331600 21917.9 -15060.5 -1005.73 768.865 19.013948
9332600 -2462.5 6289.66 1187.54 -179.278 19.013948
9315400 16517 -10760.2 -540.436 970.787 19.123947
9330400 5474.15 -354.264 -1039.02 951.539 19.123947
9331600 21770.7 -14978 -965.959 640.956 19.123947
9332600 -2301.59 6194.48 1146.82 -270.432 19.123947
9315400 16419.7 -10622.6 -594.154 1003.66 19.233944
9330400 5273.69 -238.223 -1138.91 966.433 19.233944
9331600 21657.1 -14978.6 -812.266 261.563 19.233944
9332600 -2192.66 6197.36 977.023 -287.335 19.233944
9315400 16358.9 -10559.1 -606.01 1008.93 19.343946
9330400 5186.26 -160.441 -1238.46 1010.6 19.343946
9331600 21544.5 -14932.3 -826.125 461.262 19.343946
9332600 -2131.1 6196.4 958.437 -196.188 19.343946
9315400 16221.4 -10437.2 -587.108 988.031 19.453918
9330400 5028.42 -25.4673 -1005.25 999.98 19.453918
9331600 21318.6 -14836.9 -1059.67 693.528 19.453918
9332600 -2041.69 6179.9 842.826 -131.1 19.453918
9315400 16159.1 -10391.9 -546.346 871.827 19.563902
9330400 5002.54 48.5112 -524.106 802.443 19.563902
9331600 21104.1 -14706.2 -1123.9 774.362 19.563902
9332600 -1828.53 6003.21 964.694 -659.019 19.563902
9315400 16129.4 -10341.1 -517.264 885.053 19.663944
9330400 4995.02 77.1693 -379.304 730.277 19.663944
9331600 21017.3 -14685.7 -1103.97 619.627 19.663944
9332600 -1771.05 6012.4 980.273 -537.324 19.663944
9315400 16037.8 -10166.7 -571.182 1015.7 19.773943
9330400 4716.71 204.926 -912.587 1003.81 19.773943
9331600 20852.1 -14589.7 -1138.02 611.311 19.773943
9332600 -1608.27 6045.3 1011.5 -418.771 19.773943
9315400 15978.9 -10114.8 -595.035 1091.45 19.873945
9330400 4492.43 263.026 -1375.59 940.652 19.873945
9331600 20768.2 -14525 -1120.47 621.349 19.873945
9332600 -1548.98 6104.93 1143.36 -353.538 19.873945
9315400 15886.6 -9919.69 -578.496 1216.95 19.983944
9330400 4286.34 379.559 -1463.9 843.166 19.983944
9331600 20577.5 -14423.8 -1101.8 608.429 19.983944
9332600 -1351.63 6160.22 1428.09 -129.577 19.983944
9315400 15827 -9849 -629.287 1287.99 20.083944
9330400 4154.71 421.825 -1582.57 757.642 20.083944
9331600 20516 -14394.4 -1063.54 532.524 20.083944
9332600 -1211.94 6165.64 1467.53 -52.9705 20.083944
9315400 15716.8 -9758.01 -819.275 1141.64 20.183945
9330400 3977.07 556.984 -1412.34 871.511 20.183945
9331600 20434.3 -14362.5 -849.464 528.96 20.183945
9332600 -1037.26 6144.3 1444.5 -50.6804 20.183945
9315400 15634 -9657.73 -916.626 1202.82 20.293943
9330400 3896.8 591.041 -1340.09 792.928 20.293943
9331600 20356.9 -14287.4 -907.269 653.492 20.293943
9332600 -895.939 6112.52 1559.95 -125.493 20.293943
9315400 15475.3 -9489.93 -913.335 1156.72 20.393946
9330400 3757.11 715.121 -1154.59 773.855 20.393946
9331600 20208.1 -14215.1 -979.003 550.769 20.393946
9332600 -644.865 6114.71 1626.15 -3.97506 20.393946
9315400 15403.4 -9377.71 -785.971 1115.16 20.493946
9330400 3690.81 814.716 -939.696 771.58 20.493946
9331600 20029.4 -14125.6 -1121.15 657.395 20.493946
9332600 -504.249 6145.39 1304.14 15.2427 20.493946
9315400 15351.3 -9270.69 -879.539 1207.98 20.603951
9330400 3600.74 880.377 -1064.18 770.79 20.603951
9331600 19952.1 -14131.5 -1048.5 576.848 20.603951
9332600 -422.784 6103.85 1200.96 -19.6907 20.603951
9315400 15244.4 -9152.94 -859.555 1052.82 20.713947
9330400 3350.81 976.624 -1411.79 818.894 20.713947
9331600 19789.1 -14027.9 -985.084 560.15 20.713947
9332600 -240.225 6073.56 1312.59 29.3081 20.713947
9315400 15187.3 -9222.37 -726.142 573.166 20.813948
9330400 3265.62 1011.09 -1368.99 657.115 20.813948
9331600 19730 -13923.8 -955.808 662.123 20.813948
9332600 -136.208 6071.11 1384.78 78.1765 20.813948
9315400 15111.9 -9083.49 -845.071 1036.7 20.923944
9330400 3047.33 1196.78 -1406.93 981.951 20.923944
9331600 19604.4 -13843.2 -950.41 836.299 20.923944
9332600 131.732 5924.05 1582.4 -109.267 20.923944
9315400 14936.8 -8779.92 -1170.18 1585.09 21.033945
9330400 2830.49 1326.38 -1344.78 1054.57 21.033945
9331600 19475.7 -13767.8 -1055.64 490.971 21.033945
9332600 340.019 5843.37 1350.01 -106.706 21.033945
9315400 14868.8 -8632.47 -1131.8 1726.68 21.133951
9330400 2668.28 1381.2 -1463.8 874.538 21.133951
9331600 19419.8 -13751.3 -989.591 463.589 21.133951
9332600 437.01 5811.4 1212.75 -109.238 21.133951
9315400 14787.4 -8350.15 -700.66 1852.52 21.243944
9330400 2469.04 1472.92 -1322.24 860.924 21.243944
9331600 19402.4 -13593.2 -888.843 694.479 21.243944
9332600 570.755 5774.51 1151.16 -22.4556 21.243944
9315400 14794.4 -8268.6 -579.448 1736.41 21.343948
9330400 2416.18 1527.78 -1166.86 943.305 21.343948
9331600 19406 -13539.6 -832.77 709.688 21.343948
9332600 628.353 5773.96 1245.61 -5.35333 21.343948
9315400 14735 -8144.04 -609.006 1384.69 21.453922
9330400 2197.01 1665.16 -1313.81 659.271 21.453922
9331600 19388.7 -13428.8 -616.658 739.275 21.453922
9332600 846.171 5685.72 1520.17 2.88452 21.453922
9315400 14723.9 -8207.76 -769.398 864.658 21.553946
9330400 2052.99 1703.67 -1305.65 517.561 21.553946
9331600 19278.8 -13331.3 -689.927 644.724 21.553946
9332600 1126.78 5582.04 1743.23 -127.174 21.553946
9315400 14635.1 -8109.07 -751.515 985.725 21.663948
9330400 1940.39 1722.74 -1301.96 397.287 21.663948
9331600 19233.4 -13290.4 -653.043 520.006 21.663948
9332600 1286.63 5540.54 1822.57 -106.502 21.663948
9315400 14526.7 -7902.13 -583.513 990.105 21.773945
9330400 1738.41 1784.57 -1291.06 357.349 21.773945
9331600 18963 -13195.8 -888.914 741.44 21.773945
9332600 1554.32 5451.54 1911.2 -287.719 21.773945
9315400 14440.5 -7818.69 -646.322 981.93 21.873949
9330400 1658.04 1818.04 -1138.34 417.552 21.873949
9331600 18803.4 -13160.2 -984.242 708.393 21.873949
9332600 1624.37 5406.32 1791.49 -401.838 21.873949
9315400 14285.6 -7762.97 -729.776 887.502 21.973949
9330400 1444.73 1874.79 -1009.67 416.5 21.973949
9331600 18668.5 -13088.9 -853.985 355.54 21.973949
9332600 1773.93 5294.33 1651.05 -439.84 21.973949
9315400 14215 -7688.72 -765.401 871.623 22.083946
9330400 1351.84 1908.16 -1056.83 369.338 22.083946
9331600 18619.3 -13089.3 -774.598 169.973 22.083946
9332600 1898.79 5227.45 1622.52 -625.819 22.083946
9315400 14100.6 -7569.46 -787.208 891.953 22.183947
9330400 1261.49 1926.44 -1006.96 178.237 22.183947
9331600 18508.5 -13052.4 -768.144 151.982 22.183947
9332600 2045.62 5088.38 1336.12 -715.336 22.183947
9315400 14065.2 -7491.77 -809.782 875.176 22.293945
9330400 1216.9 1938.12 -863.408 196.963 22.293945
9331600 18457.5 -13033.1 -675.523 69.5801 22.293945
9332600 2086.81 5037.59 1275.95 -803.582 22.293945
9315400 13918.3 -7349.08 -981.515 1052.01 22.393948
9330400 1102.55 2047.25 -838.355 473.092 22.393948
9331600 18379.2 -12991.7 -604.769 47.6031 22.393948
9332600 2154.18 4898.16 1049.16 -963.407 22.393948
9315400 13762.9 -7267.33 -1068.24 1009.5 22.493950
9330400 599.067 2058.79 -1706.37 103.664 22.493950
9332600 2213.11 4761.6 955.236 -978.611 22.493950
9315400 13779.6 -7283.7 -770.272 814.151 22.603922
9330400 523.141 1995.45 -1570.91 15.2321 22.603922
9332600 2278.59 4692.44 959.99 -1027.09 22.603922
9315400 13583.2 -7095.93 -1212.05 1001.91 22.703947
9330400 299.988 2037.21 -1681.82 210.911 22.703947
9332600 2384.98 4583.91 922.967 -908.438 22.703947
9315400 13494.4 -7013.65 -1268.55 893.27 22.813948
9330400 119.246 2047.22 -1666.06 248.962 22.813948
9332600 2435.81 4540.08 813.368 -867.787 22.813948
9315400 13353 -6935.6 -1123.99 832.143 22.913948
9330400 -170.903 2133.84 -1812.9 587.349 22.913948
9332600 2521.08 4474.42 671.659 -834.564 22.913948
9315400 13272.2 -6845.96 -924.673 623.834 23.023947
9330400 -173.854 2246.07 -1401.69 530.144 23.023947
9332600 2583.23 4380.05 597.838 -953.397 23.023947
9315400 13247.5 -6809.37 -884.16 572.503 23.133953
9330400 -575.153 1689.07 -2542.77 -294.296 23.133953
9332600 2585.25 4298.54 496.589 -896.365 23.133953
9315400 13088.4 -6611.75 -1021.88 800.202 23.243946
9330400 -901.585 1934.61 -2679.08 212.407 23.243946
9332600 2610.48 4309.04 227.659 -630.023 23.243946
9315400 13035.8 -6556.36 -930.078 760.039 23.343946
9330400 -947.871 2124.73 -2635.75 265.567 23.343946
9332600 2607.55 4295.9 103.15 -614.125 23.343946
9315400 12986.1 -6538.85 -470.169 318.229 23.453915
9330400 -1101.16 2327.54 -2262.56 575.982 23.453915
9332600 2620.94 4275.2 125.916 -709.341 23.453915
9315400 12913.4 -6461.82 -544.386 402.168 23.553946
9330400 -1198.96 2506.73 -2027.37 220.909 23.553946
9332600 2635 4195.04 76.209 -763.882 23.553946
9315400 12876.7 -6419.05 -563.575 485.473 23.663929
9330400 -1335.3 2503.5 -2107.65 298.4 23.663929
9332600 2638.09 4180.78 20.5554 -624.128 23.663929
9315400 12717 -6257.22 -667.65 642.559 23.763945
9330400 -1615.64 2577.14 -2008.62 360.177 23.763945
9332600 2610.58 4137.62 -100.901 -722.143 23.763945
9315400 12672.4 -6175.22 -726.851 667.287 23.863955
9330400 -1739.9 2573.84 -1982.73 312.897 23.863955
9332600 2558.8 4129.6 -207.634 -842.26 23.863955
9315400 12546.9 -6023.54 -905.301 778.362 23.973948
9330400 -1987.42 2237.28 -2091.25 -332.225 23.973948
9332600 2436.94 4140.96 -313.214 -674.989 23.973948
9333700 -16675 12717 -460.454 -920.531 23.973948
9333701 15927 -11611 -978.291 183.978 23.973948
9315400 12405 -5919.51 -1242.93 824.755 24.083944
9330400 -2102.84 2191.25 -1960.17 -558.97 24.083944
9332600 2390.3 4133.82 -400.853 -654.098 24.083944
9333700 -16706.3 12622.1 -277.593 -989.136 24.083944
9333701 15870.2 -11581.2 -889.917 253.636 24.083944
9315400 12293.5 -5811.34 -913.463 663.608 24.183945
9330400 -2367.05 2091.75 -1996.64 -682.365 24.183945
9332600 2301.87 4124.77 -624.595 -506.932 24.183945
9333700 -16768.4 12424.7 -243.672 -1056.36 24.183945
9333701 15709.2 -11520.6 -970.303 342.991 24.183945
9315400 12086.3 -5679.29 -1430.99 827.776 24.293943
9330400 -2409.09 2176.01 -2074.75 -570.676 24.293943
9332600 2250.78 4113.23 -656.665 -462.679 24.293943
9333700 -16801.8 12317 -301.376 -1110.06 24.293943
9333701 15610 -11467.4 -1052.02 408.776 24.293943
9315400 12011.4 -5554.66 -1194.92 923.759 24.393948
9330400 -2633.08 2105.16 -1981.3 -867.089 24.393948
9332600 2036.78 4219.91 -775.913 -274.778 24.393948
9333700 -16853.6 12122.4 -213.48 -1241.6 24.393948
9333701 15513.6 -11317.1 -986.92 518.906 24.393948
9315400 11873.4 -5449.26 -1115.78 699.264 24.503944
9330400 -2820.22 2055.28 -1453.79 -703.885 24.503944
9332600 1879.56 4273.41 -813.225 -107.17 24.503944
9333700 -16881.9 11949 -198.379 -1238.8 24.503944
9333701 15378.7 -11178.7 -929.234 572.212 24.503944
9315400 11781.4 -5396.53 -1187.64 688.426 24.603947
9330400 -2885.85 2065.28 -1180 -611.262 24.603947
9332600 1807.66 4310.05 -797.219 -42.5132 24.603947
9333700 -16914.8 11885.6 -247.673 -1204.54 24.603947
9333701 15303.5 -11121.9 -968.044 587.53 24.603947
9315400 11619.6 -5230.77 -1377.59 899.095 24.713943
9330400 -3043.45 2000.94 -1099.4 -343.912 24.713943
9332600 1620.94 4371.7 -901.202 33.8716 24.713943
9333700 -16988.1 11749.1 -420.457 -977.049 24.713943
9333701 15221.5 -10990.3 -906.731 740.66 24.713943
9315400 11529.1 -5140.02 -1335.67 1046.3 24.823942
9330400 -3116.72 1966.99 -1074.13 -265.488 24.823942
9332600 1505.5 4389.71 -963.649 7.69819 24.823942
9333700 -17046.7 11681.4 -389.265 -902.603 24.823942
9333701 15150.6 -10907.2 -891.964 786.95 24.823942
9315400 11557.6 -4888.67 -842.153 889.304 24.923944
9330400 -3443.9 2512.72 -1311.11 1025.64 24.923944
9332600 1216.59 4443.95 -1371.3 269.526 24.923944
9333700 -17159.6 11524.1 -367.431 -853.726 24.923944
9333701 15007.9 -10789.6 -1044.26 732.575 24.923944
9315400 11472 -4761.74 -805.886 721.508 25.033907
9330400 -3587.75 2522.81 -1250.28 693.398 25.033907
9332600 999.566 4510.23 -1371.77 356.722 25.033907
9333700 -17257.8 11394.9 -429.989 -802.7 25.033907
9333701 14898.1 -10715 -1008.92 668.276 25.033907
9315400 11435 -4681.03 -738.773 737.078 25.133945
9330400 -3622.03 2575.46 -1033.46 712.264 25.133945
9332600 898.032 4572.55 -1321.68 389.99 25.133945
9333700 -17309.9 11338.4 -400.426 -828.4 25.133945
9333701 14795.8 -10656.7 -1180.52 721.154 25.133945
9315400 11240.2 -4591.17 -926.949 676.007 25.243944
9330400 -3651.65 2732.46 -744.637 446.806 25.243944
9332600 701.994 4670.91 -1336.41 555.161 25.243944
9333700 -17430.5 11194 -479.187 -850.283 25.243944
9333701 14716 -10511.3 -999.542 624.188 25.243944
9315400 11075.2 -4485.61 -997.215 737.066 25.353943
9330400 -3771.26 2844.76 -724.488 517.428 25.353943
9332600 512.827 4725.13 -1367.99 467.029 25.353943
9333700 -17607.6 10916.6 -731.85 -1315.69 25.353943
9333701 14576.6 -10276.3 -958.421 1064.07 25.353943
9315400 10977.8 -4450.11 -946.709 714.19 25.463949
9330400 -3805.88 2863.74 -737.909 390.97 25.463949
9332600 421.833 4762.28 -1344.3 432.107 25.463949
9333700 -17711.5 10778.9 -799.7 -1434.86 25.463949
9333701 14517.1 -10186.5 -944.822 1127.63 25.463949
9315400 10851.4 -4337.66 -859.771 714.613 25.573948
9330400 -3938 2849.13 -711.808 -96.1014 25.573948
9332600 258.307 4810 -1154.66 596.746 25.573948
9333700 -17853 10600.4 -808.086 -1342.47 25.573948
9333701 14385.5 -10042.4 -977.807 1029.68 25.573948
9315400 10804.1 -4272.73 -864.322 679.035 25.683945
9330400 -4005.22 2857.63 -718.62 -52.9664 25.683945
9332600 196.717 4833.82 -1112.04 531.865 25.683945
9333700 -17913.6 10516.7 -849.288 -1305.1 25.683945
9333701 14389.8 -10084 -711.326 624.669 25.683945
9315400 10752.2 -4197.02 -623.701 801.194 25.793947
9330400 -4322.33 2864.75 -1167.24 98.367 25.793947
9332600 52.4309 4879.26 -1169.08 454.506 25.793947
9333700 -18093.3 10315.1 -1077.49 -1174.11 25.793947
9333701 14092.3 -9842.39 -1055.13 1097.5 25.793947
9315400 10584.9 -4101.15 -879.692 808.679 25.903944
9330400 -4627.53 2837.74 -1388.69 -131.647 25.903944
9332600 99.5532 5004.52 -653.526 631.771 25.903944
9333700 -18246.3 10184 -1095.77 -992.439 25.903944
9333701 13893.6 -9882.84 -1252.83 446.738 25.903944
9315400 10546 -4011.18 -905.214 872.928 26.013945
9330400 -4745.41 2787.72 -1251.98 -253.834 26.013945
9332600 38.9077 5047.4 -810.111 710.791 26.013945
9333700 -18327.6 10140.9 -1074.76 -858.712 26.013945
9333701 13813.1 -9785.04 -1291.48 694.155 26.013945
9315400 10353 -3836.71 -1033.04 1037.6 26.113945
9330400 -4924.93 2763.97 -1235.22 -111.931 26.113945
9332600 -54.7519 5268.07 -658.603 1060.31 26.113945
9333700 -18539 10009.9 -1093.53 -929.187 26.113945
9333701 13775.2 -9621.84 -1119.6 878.763 26.113945
9315400 10353.8 -3828.91 -742.124 793.147 26.213945
9330400 -5102.19 2784.36 -1577.37 -93.3561 26.213945
9332600 -110.331 5362.44 -664.038 1092.83 26.213945
9333700 -18611.9 9957.03 -1029.07 -997.058 26.213945
9333701 13692.2 -9516.18 -1252.67 903.351 26.213945
9315400 10242.6 -3656.67 -736.673 890.191 26.323950
9330400 -5300.51 2937.79 -1534.01 349.972 26.323950
9332600 -220.276 5557.53 -564.363 1126.47 26.323950
9333700 -18746.6 9874.47 -961.002 -881.529 26.323950
9333701 13568.7 -9271.84 -1403.55 1088.51 26.323950
9315400 10112.1 -3512.09 -817.588 961.371 26.433945
9330400 -5481.46 3038.71 -1547.27 447.825 26.433945
9332600 -282.879 5747.48 -452.561 1164.88 26.433945
9333700 -18919.5 9774.24 -1023.5 -846.135 26.433945
9333701 13413.3 -9135.54 -1342.37 1165.87 26.433945
9315400 10044.6 -3448.18 -821.455 933.404 26.533947
9330400 -5578.44 3074.27 -1444.15 376.88 26.533947
9332600 -272.186 5941.7 -289.123 1160.08 26.533947
9333700 -18998.7 9681.98 -1072.15 -942.927 26.533947
9333701 13332.7 -9060.95 -1265.06 1156.63 26.533947
9315400 9957.93 -3395.03 -769.59 898.173 26.643946
9330400 -5799.77 3025.76 -1355.42 -94.2905 26.643946
9332600 -300.077 6139.62 -335.938 1118.36 26.643946
9333700 -19089.5 9497.58 -858.708 -1048.4 26.643946
9333701 13213.6 -8978.13 -1189.72 1054.81 26.643946
9315400 9898.51 -3270.5 -615.295 905.939 26.753944
9330400 -6111.8 2913.99 -1508.94 -246.816 26.753944
9332600 -290.905 6264.95 -67.6464 994.268 26.753944
9333700 -19205.6 9308.45 -1089.89 -1067.46 26.753944
9333701 13094.8 -8843.37 -1142.15 1059.03 26.753944
9315400 9832.1 -3218.25 -680.319 864.269 26.863924
9330400 -6208.07 2881.16 -1422.12 -216.065 26.863924
9332600 -283.282 6377.74 46.0017 1084.83 26.863924
9333700 -19314 9231.42 -1250.34 -1023.04 26.863924
9333701 13068.3 -8753.68 -1080.22 1112.46 26.863924
9315400 9759.1 -3151.61 -746.681 750.287 26.963945
9330400 -6404.93 2922.76 -1351.99 -38.9756 26.963945
9332600 -269.186 6552.7 53.5402 1130.42 26.963945
9333700 -19425.3 9115.27 -1308.82 -1021.17 26.963945
9333701 13075.7 -8537.07 -823.106 1527.9 26.963945
9315400 9648.56 -3066.06 -885.097 890.968 27.063946
9330400 -6504.96 2903.3 -1241.09 -62.8819 27.063946
9332600 -263.986 6638.75 43.0365 1088.06 27.063946
9333700 -19508.2 9078.52 -1253.3 -834.619 27.063946
9333701 13053.7 -8418.04 -853.915 1551.39 27.063946
9315400 9500.17 -2931.88 -850.773 946.878 27.173944
9330400 -6724.14 2958.79 -1242.63 91.7951 27.173944
9332600 -275.686 6836.26 -32.7005 1114.62 27.173944
9333700 -19717.4 8950.87 -1325.25 -748.827 27.173944
9333701 12889.5 -8247.31 -919.525 1279.93 27.173944
9315400 9455.05 -2863.3 -880.729 964.991 27.273947
9330400 -6840.4 2945.46 -1306.86 112.736 27.273947
9332600 -333.928 6867.79 -71.0765 960.563 27.273947
9333700 -19835.5 8871.93 -1343.98 -901.118 27.273947
9333701 12864.5 -8155.05 -745.589 1349.01 27.273947
9315400 9390.37 -2757.98 -868.659 900.441 27.383947
9330400 -7157.6 2935.44 -1684.82 84.2698 27.383947
9332600 -438.11 6924.95 -254.378 871.221 27.383947
9333700 -19998.7 8741.61 -1238.4 -910.685 27.383947
9333701 12841.8 -8167.84 -758.969 1116.68 27.383947
9315400 9231.25 -2593.29 -985.933 909.098 27.493944
9330400 -7356.73 2865.55 -1521.84 -281.283 27.493944
9332600 -491.502 6973.92 -285.395 747.118 27.493944
9333700 -20214.4 8538.03 -1137.32 -1130.42 27.493944
9333701 12750.2 -8077.37 -706.182 766.202 27.493944
9315400 9157.32 -2509.68 -946.553 951.508 27.603943
9330400 -7438.68 2792.82 -1385.51 -408.169 27.603943
9332600 -578.901 7052.08 -487.537 834.431 27.603943
9333700 -20303.7 8435.57 -1180.84 -1247.13 27.603943
9333701 12668.1 -7961.62 -850.955 986.985 27.603943
9315400 9008.07 -2388.51 -953.677 868.65 27.713934
9330400 -7461.27 2793.19 -1105.73 -296.156 27.713934
9332600 -657.416 7273.3 -477.562 1037.01 27.713934
9333700 -20320 8341.4 -825.425 -984.92 27.713934
9333701 12534 -7885.56 -844.509 679.569 27.713934
9315400 8898.1 -2384.21 -981.72 634.725 27.813946
9330400 -7495.71 2869.86 -935.036 -70.1309 27.813946
9332600 -683.518 7464.49 -581.02 1217.05 27.813946
9333700 -20432.6 8249.67 -1043.13 -1021 27.813946
9333701 12451.8 -7826.69 -861.806 815.982 27.813946
9315400 8757.83 -2372.98 -980.658 527.977 27.923943
9330400 -7729.25 2832.59 -1189.28 -209.777 27.923943
9332600 -799.858 7701.73 -593.544 1236.32 27.923943
9333700 -20568.4 8161.72 -1214 -866.483 27.923943
9333701 12403.3 -7675.37 -667.209 917.362 27.923943
9315400 8774.74 -2267.04 -851.242 636.791 28.023943
9330400 -7884.29 2864.95 -1086.46 246.152 28.023943
9332600 -750.139 7827.95 -480.727 1295.69 28.023943
9333700 -20654.7 8094.62 -1254.03 -886.013 28.023943
9333701 12364.5 -7610.47 -629.648 815.163 28.023943
9334200 -17028 12228 -660.469 1066.49 28.023943
9315400 8653.7 -2108.85 -829.594 789.003 28.123943
9330400 -8173.46 2995.91 -1149.31 458.606 28.123943
9332600 -747.985 8118.84 -305.595 1499.24 28.123943
9333700 -20745.7 8071.71 -989.752 -500.648 28.123943
9333701 12268.6 -7387.77 -460.034 1108.88 28.123943
9334200 -17125.4 12090.8 -451.592 -1063.05 28.123943
9315400 8553.34 -2012.35 -911.879 724.233 28.223944
9330400 -8295.85 3020.42 -1162.46 332.13 28.223944
9332600 -701.511 8106.19 -129.232 1277.6 28.223944
9333700 -20742 8066.13 -804.668 -383.068 28.223944
9333701 12214.2 -7280.92 -567.077 1126.18 28.223944
9334200 -17121 11973.2 -79.7621 -1300.49 28.223944
9315400 8412.79 -1929.07 -899.97 693.773 28.323946
9330400 -8520.11 2905.96 -1323.25 -286.549 28.323946
9332600 -716.975 8337.22 -182.902 1213.7 28.323946
9333700 -20870.2 7976.92 -864.08 -320.622 28.323946
9333701 12081.4 -7145.23 -681.289 1148.18 28.323946
9334200 -17149.6 11748.6 8.04254 -1296.6 28.323946
9315400 8304.36 -1848.22 -733.678 625.438 28.433943
9330400 -8829.53 2790.7 -1638.74 -596.273 28.433943
9332600 -638.89 8480.57 -91.1909 1214.08 28.433943
9333700 -21062.9 7873.4 -1119.86 -373.34 28.433943
9333701 11849.2 -6946.64 -1023.02 1297.85 28.433943
9334200 -17206.9 11522.9 -161.999 -1449.38 28.433943
9315400 8260.42 -1813.46 -696.057 618.656 28.533943
9330400 -9061.66 2778.08 -1918.7 -750.441 28.533943
9332600 -620.539 8678.5 77.7408 1331.79 28.533943
9333700 -21152.4 7801.67 -1194.35 -489.957 28.533943
9333701 11842.1 -6901.34 -923.13 1163.72 28.533943
9334200 -17267.1 11427 -216.078 -1342.6 28.533943
9315400 8117.44 -1717.67 -725.88 588.003 28.633944
9330400 -9391.3 2901.11 -2114.13 310.507 28.633944
9332600 -589.457 8862.99 203.451 1382.15 28.633944
9333700 -21327.9 7661.78 -1309.3 -487.321 28.633944
9333701 11692.1 -6745.77 -971.89 1255.22 28.633944
9334200 -17407.7 11256.7 -472.277 -1263.19 28.633944
9315400 8063.63 -1665.86 -743.376 570.367 28.733944
9330400 -9523.55 2974.18 -1983.34 416.264 28.733944
9332600 -579.791 8956.87 175.575 1302.43 28.733944
9333700 -21387.4 7606.14 -1219.87 -513.868 28.733944
9333701 11568.5 -6683.75 -1148.82 1319.01 28.733944
9334200 -17497.2 11190.8 -603.157 -1264.71 28.733944
9315400 7984.94 -1569.66 -618.09 491.797 28.833944
9330400 -9740.03 3046.48 -1719.71 471.554 28.833944
9332600 -578.644 9155.91 20.7047 1387.31 28.833944
9333700 -21587.7 7467.61 -1298.02 -564.825 28.833944
9333701 11403.8 -6518.4 -1182.13 1381.82 28.833944
9334200 -17778.8 11034.3 -1067.25 -1266.02 28.833944
9315400 7920.06 -1475.87 -640.972 635.602 28.943922
9330400 -9858.06 3097.92 -1790.02 480.297 28.943922
9332600 -585.819 9248.9 28.22 1313.57 28.943922
9333700 -21700.3 7375.69 -1390.24 -683.707 28.943922
9333701 11365.4 -6467.29 -1082.31 1216.28 28.943922
9334200 -17915.4 10953.1 -1258.08 -1269.08 28.943922
9315400 7844.23 -1404.16 -631.905 637.567 29.043945
9330400 -10062.5 3120.5 -1764.53 104.295 29.043945
9332600 -548.673 9309.39 110.193 1081.92 29.043945
9333700 -21995.9 7144.2 -1541.51 -1041.19 29.043945
9333701 11237.4 -6287.15 -1011.88 1083.56 29.043945
9334200 -18172.4 10747.5 -1508.78 -1248.08 29.043945
9315400 7794.61 -1322.23 -591.303 626.737 29.143953
9330400 -10195.2 3149.65 -1818.3 173.763 29.143953
9332600 -540.914 9137.7 470.648 468.46 29.143953
9333700 -22154.2 7024.11 -1606.82 -1220.01 29.143953
9333701 11177 -6128.77 -1086.66 1200.09 29.143953
9334200 -18282.1 10647.3 -1535.75 -1155.97 29.143953
9315400 7594.76 -1067.76 -757.059 963.043 29.253922
9330400 -10379.9 3185.64 -1592.16 -80.1387 29.253922
9332600 -484.189 9274.24 465.319 731.051 29.253922
9333700 -22296.4 6839.23 -1438.78 -1307.36 29.253922
9333701 11069 -5862.86 -1079.05 1332.94 29.253922
9334200 -18471.3 10483 -1561.84 -1114.56 29.253922
9315400 7591.43 -1073.8 -594.694 699.388 29.353947
9330400 -10512.8 3147.57 -1295.28 -16.9736 29.353947
9332600 -395.731 9496.22 475.261 1031.37 29.353947
9333700 -22382.4 6741.1 -1286.36 -1327.21 29.353947
9333701 10939.2 -5812.12 -1093.92 905.786 29.353947
9334200 -18592 10340.4 -1272.49 -1100.56 29.353947
9315400 7542.67 -1063.69 -583.035 761.37 29.463947
9330400 -10568.7 3108.73 -1229.4 -151.945 29.463947
9332600 -372.432 9585.47 444.018 1138.28 29.463947
9333700 -22408.3 6826.46 -1236.73 -1021.9 29.463947
9333701 10908.2 -5812.05 -981.747 774.844 29.463947
9334200 -18689.8 10204.3 -1308.67 -1382 29.463947
9315400 7419.16 -875.057 -723.52 985.426 29.573946
9330400 -10690.3 3145.94 -1031.93 -33.8232 29.573946
9332600 -378.915 9778.67 235.196 1328.74 29.573946
9333700 -22626.4 6472.73 -1464.32 -1722.37 29.573946
9333701 10743.1 -5675.02 -819.031 928.891 29.573946
9334200 -18790.8 10078.5 -1047.46 -1079.43 29.573946
9315400 7277.22 -718.936 -933.93 1169.06 29.683950
9330400 -10782.4 3148.87 -1062 -18.8992 29.683950
9332600 -365.751 9891.65 251.766 1363.06 29.683950
9333700 -22688.9 6369.31 -1271.35 -1777.52 29.683950
9333701 10683.4 -5623.02 -870.788 880.299 29.683950
9334200 -18841.3 9960.98 -961.716 -1103.61 29.683950
9315400 7121.05 -544.892 -939.651 1144.44 29.793947
9330400 -10911.8 3204.86 -950.148 249.62 29.793947
9332600 -359.578 10057.7 147.67 1058.73 29.793947
9333700 -22791.7 6193.61 -886.686 -1410.94 29.793947
9333701 10631.1 -5401.45 -531.641 1137.34 29.793947
9334200 -19002.9 9697.78 -878.541 -1451.25 29.793947
9315400 6988.75 -405.489 -755.36 1006.23 29.903946
9330400 -11136.5 3237.84 -1195.16 108.672 29.903946
9332600 -382.265 10175.8 -203.166 1110.46 29.903946
9333700 -22946.7 6024.55 -867.883 -1192.31 29.903946
9333701 10628 -5191.88 -430.789 1204.65 29.903946
9334200 -19212.6 9573.59 -785.041 -1211.36 29.903946
