### mean error data for gnuplot ###
#
#time 	 pred step 	 personid 	 mean Er xy 	 stdev xy 	 mean Er th 	 stdev th
1	0		0	0	1.48283	0.0594563
1	1		741.503	261.703	1.49835	0.0499656
1	2		1377.34	610.247	1.54954	0.147858
1	3		1889.13	1007.19	1.59566	0.134689
1	4		2663.96	1307.41	1.62199	0.230423
1	5		3391.86	1612.1	1.59025	0.273987
1	6		4063.4	1813.05	1.60198	0.224881
1	7		4790.41	2142.85	1.61696	0.212575
1	8		5520.25	2424.04	1.62723	0.234018
2	0		0	0	1.47851	0.051395
2	1		779.119	146.479	1.51467	0.114555
2	2		1527.93	375.809	1.59268	0.122264
2	3		2329.94	467.888	1.59653	0.180358
2	4		3248.66	673.562	1.56676	0.230956
2	5		3939.53	684.337	1.56337	0.167373
2	6		4857.94	793.171	1.62704	0.207547
2	7		5593.36	873.598	1.63737	0.225576
2	8		6522.75	966.469	1.67521	0.176626
3	0		0	0	1.39668	0.131379
3	1		594.245	135.555	1.42617	0.122671
3	2		1129.89	445.435	1.3244	0.203786
3	3		1847.37	515.912	1.27736	0.236969
3	4		2358.06	706.301	1.33239	0.184726
3	5		3097.28	779.055	1.36731	0.19356
3	6		3683.51	993.67	1.35221	0.213106
3	7		4365.36	1253.66	1.40716	0.19499
3	8		5144.52	1162.51	1.35572	0.197296
4	0		0	0	1.3638	0.0688675
4	1		625.637	156.628	1.23771	0.163792
4	2		1268.18	358.565	1.19739	0.149526
4	3		1822.74	550.599	1.28312	0.173679
4	4		2403.53	818.639	1.22521	0.0963445
4	5		3004.62	984.195	1.18823	0.115239
4	6		3723.79	1215.76	1.22764	0.16372
4	7		4183.51	1526.32	1.23416	0.120854
4	8		4844.61	1601.77	1.27614	0.162347
5	0		0	0	0.93484	0.466803
5	1		709.148	83.6175	0.865447	0.446742
5	2		1188.07	283.036	1.03963	0.407489
5	3		1803.93	329.394	0.985316	0.273527
5	4		2342.88	591.272	0.890322	0.35647
5	5		2946.93	929.598	0.937892	0.427076
5	6		3611.03	873.99	0.976796	0.333086
5	7		4013.86	1188.9	1.04723	0.365669
5	8		4712.83	1308	1.16914	0.438425
6	0		0	0	0.743975	0.447829
6	1		629.569	80.8393	0.964898	0.405364
6	2		1129.79	324.748	0.90887	0.242009
6	3		1771.79	484.697	0.797204	0.334439
6	4		2472.34	714.638	0.86664	0.431846
6	5		2913.57	1029.73	0.889144	0.323871
6	6		3497.42	1157.63	0.958826	0.378832
6	7		4076.33	1454.65	1.09371	0.472744
6	8		4721.65	1515.41	0.832267	0.217844
7	0		0	0	1.08962	0.375652
7	1		562.485	231.979	1.07383	0.285343
7	2		1009.22	650.14	0.99463	0.353018
7	3		1586.1	1047.81	1.0439	0.407321
7	4		2112.19	1229.6	1.03686	0.339439
7	5		2462.56	1632.33	1.06833	0.36099
7	6		2930.44	2026.73	1.14561	0.397195
7	7		3523.29	2199.22	0.997027	0.272935
7	8		4194.12	2368.49	1.31688	0.193085
8	0		0	0	0.919554	0.200865
8	1		596.713	288.26	0.820083	0.254455
8	2		1217.37	662.531	0.866566	0.350099
8	3		1529.46	1094.11	0.931981	0.220564
8	4		2161.06	1231.33	1.04432	0.283638
8	5		2673.1	1591.25	1.2229	0.451567
8	6		3105.63	1586.46	0.815676	0.205438
8	7		3643.96	1528.78	1.13864	0.340347
8	8		4142.52	1742.21	1.32232	0.661282
9	0		0	0	0.690332	0.327822
9	1		646.653	307.404	0.739965	0.429989
9	2		1021.47	692.624	0.850075	0.261351
9	3		1665.56	854.347	0.989737	0.31622
9	4		2229.91	1236.47	1.20115	0.497506
9	5		2675.82	1189.83	0.709303	0.26844
9	6		3242.55	1144.86	1.06332	0.423647
9	7		3734.48	1385.94	1.24455	0.763461
9	8		4272.43	1621.69	1.26599	0.800765
10	0		0	0	0.753189	0.495156
10	1		555.774	90.0961	0.898888	0.352092
10	2		1128.53	246.787	1.04573	0.369257
10	3		1743.84	495.85	1.2595	0.507139
10	4		2107.18	598.132	0.758549	0.378381
10	5		2636.16	732.781	1.11872	0.45114
10	6		3159.18	1056.49	1.30654	0.776184
10	7		3727.06	1284.72	1.33267	0.809423
10	8		4186.97	1455.05	1.4189	0.778127
11	0		0	0	1.0661	0.304801
11	1		676.298	77.776	1.19236	0.382709
11	2		1284.26	260.402	1.32424	0.445902
11	3		1991.47	615.141	1.09656	0.448508
11	4		2799.93	1008.32	1.34101	0.380688
11	5		3482.97	1334.84	1.46071	0.563134
11	6		4254.58	1671.06	1.48481	0.601969
11	7		4910.76	2078.73	1.54885	0.593941
11	8		5631.65	2432.07	1.25787	0.355006
12	0		0	0	1.18083	0.352261
12	1		470.216	164.029	1.23389	0.365507
12	2		968.526	283.866	1.10039	0.27988
12	3		1444.19	611.289	1.32755	0.188887
12	4		1945.06	862.874	1.48318	0.450882
12	5		2463.08	1180.82	1.48713	0.492133
12	6		2893.66	1413.87	1.52549	0.486005
12	7		3234.68	1708.8	1.21305	0.171474
12	8		3617.2	1767.21	1.0821	0.389361
13	0		0	0	1.19255	0.285322
13	1		757.017	297.382	1.23938	0.410622
13	2		1469.62	439.646	1.44332	0.292635
13	3		2045.28	709.238	1.60629	0.441435
13	4		2682.4	996.62	1.60297	0.47936
13	5		3199.5	1195.8	1.62379	0.465685
13	6		3703.24	1190.46	1.2985	0.282703
13	7		3970.25	1405.48	1.14813	0.413077
13	8		4545.15	1680.34	1.28801	0.316327
14	0		0	0	0.786747	0.293891
14	1		449.125	206.011	1.02191	0.406
14	2		760.206	588.438	1.16541	0.699102
14	3		1082.68	885.592	1.1557	0.72609
14	4		1414.73	1088.98	1.22154	0.681018
14	5		1874.58	1220.66	0.977182	0.118448
14	6		2064.38	1365.8	0.917179	0.229896
14	7		2463.66	1598.61	0.957189	0.180326
14	8		2847.83	1938.58	0.875708	0.119301
15	0		0	0	1.04449	0.381658
15	1		446.612	249.646	1.04781	0.452618
15	2		834.904	456.609	1.02064	0.450057
15	3		1211.89	762.075	1.06197	0.394596
15	4		1611.92	1066.99	1.10701	0.262415
15	5		2033.63	1159.7	1.15647	0.192014
15	6		2520.18	1515.39	1.11809	0.26563
15	7		2929.63	1651.79	1.05123	0.255766
15	8		3455.08	1934.03	1.11541	0.225427
16	0		0	0	0.892155	0.453573
16	1		401.073	113.485	0.864467	0.421076
16	2		869.543	362.522	0.929108	0.309569
16	3		1558.21	582.406	1.24235	0.441929
16	4		1938.97	842.625	1.3673	0.512934
16	5		2514.45	1173.89	1.28173	0.482562
16	6		2959.41	1359.68	1.2197	0.522206
16	7		3431.79	1636.62	1.29305	0.505984
16	8		3704.12	1917.83	0.982604	0.284191
17	0		0	0	0.825501	0.387097
17	1		522.614	301.5	0.883357	0.278676
17	2		1247.22	611.736	1.23098	0.474607
17	3		1705.78	901.807	1.37584	0.586849
17	4		2287.76	1256.2	1.28516	0.527673
17	5		2712.4	1549.84	1.21938	0.586381
17	6		3274.65	1796.18	1.30805	0.575408
17	7		3547.21	2000.06	0.940007	0.270253
17	8		4195.83	2660.04	0.958965	0.257417
18	0		0	0	0.905082	0.21167
18	1		524.195	386.047	1.25122	0.476872
18	2		1017.62	917.241	1.41441	0.616169
18	3		1508.25	1227.43	1.31095	0.545838
18	4		1915.57	1606.06	1.26716	0.594427
18	5		2514.81	1802.63	1.35784	0.606285
18	6		2948.85	2134.95	0.951456	0.195442
18	7		4297.55	2082.47	0.996688	0.197185
18	8		5080.66	2370.81	0.917192	0.48407
19	0		0	0	1.07088	0.101272
19	1		447.547	245.458	1.05428	0.0943306
19	2		798.237	379.346	1.07822	0.102988
19	3		1205.35	597.551	1.01194	0.0794744
19	4		1755.58	659.68	1.07085	0.0307946
19	5		2232.8	1051.12	1.1338	0.364772
19	6		3156.5	1004.86	1.22681	0.354322
19	7		3746.77	1185.29	1.05706	0.375055
19	8		4308.52	1313.05	1.2996	0.443842
20	0		0	0	0.876618	0.427758
20	1		499.49	343.447	1.02658	0.182077
20	2		845.759	714.268	0.912895	0.234408
20	3		1358.38	921.67	0.945634	0.291398
20	4		1816.58	1355.91	1.22954	0.456107
20	5		2925.28	1349.26	1.32899	0.450336
20	6		3475.51	1608.9	1.11857	0.361766
20	7		4164.47	1844.56	1.51262	0.732958
20	8		4676.56	1870.94	0.859361	0.339149
21	0		0	0	1.05585	0.135074
21	1		593.052	297.125	0.99674	0.0551153
21	2		1258.56	374.765	1.02921	0.132707
21	3		1887.62	945.772	1.20664	0.397725
21	4		3157.18	389.412	1.30771	0.388042
21	5		3941.85	476.069	1.11358	0.351204
21	6		4706.23	534.661	1.46109	0.576704
21	7		5246.77	350.037	1.00262	0.170816
21	8		6243.58	330.376	1.19272	0.459703
22	0		0	0	0.785743	0.249269
22	1		782.713	167.261	0.829991	0.259513
22	2		1654.89	734.693	1.05469	0.451042
22	3		2540.53	812.712	1.05726	0.486145
22	4		3079.34	735.339	0.833738	0.459952
22	5		3764.07	784.781	1.08277	0.743384
22	6		4222.6	1015.87	0.755108	0.301583
22	7		4945.91	1152.87	0.854213	0.573019
22	8		5655.11	997.527	0.674855	0.285235
23	0		0	0	0.83823	0.328822
23	1		836.134	372.574	1.12655	0.420151
23	2		1205.73	515.038	1.095	0.48648
23	3		1571.53	747.734	0.871148	0.449826
23	4		1942.15	1093.34	1.11012	0.799389
23	5		2202.92	1147.18	0.754593	0.307274
23	6		2646.54	1439.75	0.832289	0.596455
23	7		2901.35	1730.77	0.663097	0.303898
24	0		0	0	0.890455	0.305732
24	1		686.155	496.922	0.883299	0.33802
24	2		1462.83	1180.84	0.791537	0.416002
24	3		2204.73	1676.47	0.823004	0.296436
24	4		2985.45	2102.23	0.972653	0.524448
24	5		3649	2546.12	1.08386	0.652689
24	6		4342.25	3016.85	0.91826	0.542952
