9335700 -15105 -10548 91.3384 -323.681 0.204119
9335900 -16870 11885 -176.747 560.512 0.204119
9342700 1923 6814 478.373 -768.587 0.204119
9335700 -15083 -10550 117.571 -466.158 0.314135
9335900 -16874.3 11892 -196.775 537.956 0.314135
9342700 1943.54 6783.1 423.821 -791.017 0.314135
9335700 -15068 -10581.4 211.481 -636.029 0.414144
9335900 -16885.2 11870.6 -159.704 564.224 0.414144
9342700 1981.18 6639.12 339.545 -927.378 0.414144
9335700 -15060.7 -10577.4 173.486 -593.104 0.524115
9335900 -16891.2 11881 -171.41 572.16 0.524115
9342700 1989.57 6581.14 331.595 -923.668 0.524115
9335700 -15063.6 -10547.7 95.6173 -640.519 0.634130
9335900 -16881.5 11884.1 -173.167 601.289 0.634130
9342700 2013.19 6433.09 349.928 -1028.33 0.634130
9335700 -15066.8 -10559 25.5017 -694.922 0.734140
9335900 -16875.5 11884.2 -167.518 586.381 0.734140
9342700 2055.85 6358.45 373.564 -1084.69 0.734140
9335700 -15098.3 -10543.8 -118.819 -701.517 0.834156
9335900 -16873.4 11820.5 -166.637 574.791 0.834156
9342700 2117.59 6282.16 237.142 -816.562 0.834156
9335700 -15091.4 -10558.1 -33.1172 -722.863 0.944119
9335900 -16886.1 11847.6 -213.057 617.621 0.944119
9342700 2155.72 6178.43 321.188 -791.761 0.944119
9335700 -15045 -10583.1 67.9426 -809.776 1.044122
9335900 -16912 11859.1 -203.169 565.155 1.044122
9342700 2175.31 6123.37 312.316 -765.578 1.044122
9335700 -15040.9 -10619 20.4996 -817.705 1.154139
9335900 -16957.5 11875.9 -118.533 656.107 1.154139
9342700 2207.05 6060.58 338.086 -753.503 1.154139
9335700 -15040 -10619.8 10.8349 -778.822 1.264118
9335900 -16985.7 11912.7 -45.2896 677.424 1.264118
9342700 2245.97 5974.07 379.145 -673.574 1.264118
9335700 -15024.3 -10622.6 -16.5742 -802.233 1.374143
9335900 -16975.3 11911.5 16.0014 674.688 1.374143
9342700 2265.44 5918.63 433.102 -724.034 1.374143
9335700 -15046.6 -10606.9 16.7226 -682.031 1.484118
9335900 -16954.4 11886.8 21.47 681.401 1.484118
9342700 2306.05 5818.54 418 -725.314 1.484118
9335700 -15076.4 -10572.2 4.14688 -623.134 1.584120
9335900 -16952 11873.7 -35.6127 566.433 1.584120
9342700 2316.69 5786.07 415.197 -668.448 1.584120
9335700 -15100.5 -10552.7 75.5245 -605.462 1.694140
9335900 -16954 11799.7 -113.547 653.217 1.694140
9342700 2338.47 5680.63 399.293 -626.766 1.694140
9335700 -15117.5 -10486.6 123.066 -688.492 1.804119
9335900 -16960.1 11803.3 -177.782 689.525 1.804119
9342700 2540.89 5432.51 534.781 -1149.11 1.804119
9335700 -15089.3 -10514.8 188.391 -735.713 1.914141
9335900 -16955.4 11830.8 -184.417 675.678 1.914141
9342700 2719.54 5291.51 754.364 -1643.58 1.914141
9335700 -15076.8 -10511.6 218.068 -609.358 2.014146
9335900 -16937.7 11808.9 -76.939 551.87 2.014146
9342700 2944.22 5097.26 709.534 -1730.6 2.014146
9335700 -15070.7 -10529 210.915 -554.631 2.124113
9335900 -16936.2 11792.5 -71.6437 513.738 2.124113
9342700 3042.6 4984.48 755.059 -1752 2.124113
9335700 -15022.5 -10538 251.523 -589.649 2.234149
9335900 -16953.8 11863.7 -92.2957 607.012 2.234149
9342700 3187.78 4813.57 853.813 -1621.61 2.234149
9335700 -14951.8 -10510.8 283.9 -635.756 2.344120
9335900 -16952.2 11829 -186.463 187.395 2.344120
9342700 3199.61 4773.29 510.553 -1006.86 2.344120
9335700 -14950.4 -10522.1 353.348 -585.561 2.454141
9335900 -16960.2 11713.7 -138.256 -153.842 2.454141
9342700 3223.63 4705.16 463.097 -972.863 2.454141
9335700 -14912.1 -10528 401.926 -499.427 2.564118
9335900 -16977.9 11635.2 -157.171 -347.45 2.564118
9342700 3258.23 4534.44 406.926 -1141.21 2.564118
9335700 -14980.8 -10505.5 193.782 -529.603 2.664119
9335900 -16983.2 11577.4 -193.963 -311.879 2.664119
9342700 3278.48 4358 270.913 -1216.57 2.664119
9335700 -15017.9 -10515.8 141.509 -602.462 2.774140
9335900 -16976.5 11643.1 11.5341 70.5595 2.774140
9342700 3318.74 4290.93 342.447 -1095.47 2.774140
9335700 -15035.4 -10489.8 41.0281 -624.245 2.874141
9335900 -16963.2 11800.1 223.063 531.696 2.874141
9342700 3431.53 4190.6 610.044 -1107.61 2.874141
9335700 -15051.6 -10453.1 35.0947 -630.593 2.984121
9335900 -16940 11837.4 286.341 572.446 2.984121
9342700 3502.92 4142.55 672.534 -999.746 2.984121
9335700 -15066.6 -10446.4 -108.097 -719.368 3.094140
9335900 -16941.4 11867.5 254.368 583.632 3.094140
9342700 3534.7 4088.11 526.897 -894.858 3.094140
9335700 -15089.8 -10473 -134.264 -746.696 3.194141
9335900 -16951.3 11912.4 253.446 794.269 3.194141
9342700 3567.49 3972.34 449.087 -947.956 3.194141
9335700 -15072.6 -10485.2 -102.023 -773.412 3.304109
9335900 -16948.6 11946.9 233.333 897.412 3.304109
9342700 3598.28 3900.55 416.761 -913.815 3.304109
9335700 -15115.4 -10473.7 -181.791 -635.282 3.404118
9335900 -16970.1 11993.8 270.019 812.311 3.404118
9342700 3650.79 3741.33 466.691 -892.892 3.404118
9335700 -15124.2 -10471.4 -186.235 -665.128 3.504122
9335900 -16985.1 12000.6 347.985 672.036 3.504122
9342700 3652.96 3669.48 415.922 -893.786 3.504122
9335700 -15193 -10448.7 -278.135 -692.423 3.614140
9335900 -16959.8 11985.6 495.56 626.542 3.614140
9342700 3742.07 3494.68 519.719 -947.64 3.614140
9335700 -15215.2 -10462.2 -246.354 -604.278 3.714152
9335900 -16931.5 11981.4 459.178 533.401 3.714152
9342700 3774.49 3448.85 500.039 -966.918 3.714152
9335700 -15234.1 -10474.9 -186.785 -616.893 3.824112
9335900 -16937 12017.3 356.411 687.203 3.824112
9342700 3801.45 3394.18 410.006 -876.645 3.824112
9335700 -15238.3 -10476.3 -174.26 -643.34 3.924114
9335900 -16975.5 12032.2 296.764 683.643 3.924114
9342700 3833.26 3366.65 321.372 -796.332 3.924114
9335700 -15238.3 -10456.6 -226.611 -509.984 4.034140
9335900 -17045.1 12013.7 387.157 599.904 4.034140
9342700 3901.3 3238.94 337.238 -793 4.034140
9335700 -15231.6 -10461 -229.921 -486.367 4.134141
9335900 -17051 12103.5 350.359 729.661 4.134141
9342700 4001.76 3081.38 496.053 -838.092 4.134141
9335700 -15222.7 -10422.8 -232.602 -527.734 4.244119
9335900 -17030.6 12103.6 363.916 602.558 4.244119
9342700 4043.26 3039.02 531.235 -896.662 4.244119
9335700 -15253.9 -10411.4 -272.696 -525.562 4.354139
9335900 -16929.2 12118 573.355 451.14 4.354139
9342700 4200.07 2862.53 636.022 -1157.28 4.354139
9335700 -15315.3 -10370.8 -296.21 -480.247 4.464118
9335900 -16913.2 12101.2 583.635 381.328 4.464118
9342700 4265.96 2795.05 716.506 -1145.51 4.464118
9335700 -15332.3 -10360.2 -219.258 -620.628 4.564119
9335900 -16938.2 12043 718.474 364.503 4.564119
9342700 4377.36 2656.25 789.645 -1267.54 4.564119
9335700 -15317.8 -10316.2 -288.495 -545.42 4.674140
9335900 -16948.3 12034 724.317 383.771 4.674140
9342700 4478.72 2573.88 707.42 -1158.35 4.674140
9335700 -15298 -10311.3 -183.004 -436.914 4.784122
9335900 -16928.8 12031.9 768.985 312.875 4.784122
9342700 4501.09 2532.32 641.035 -1178.97 4.784122
9335700 -15287.6 -10296.2 -212.055 -461.974 4.894141
9335900 -16879.3 12019.9 772.174 195.668 4.894141
9342700 4638.68 2442.22 778.52 -1015.78 4.894141
9335700 -15313 -10293.1 -298.382 -524.719 5.004118
9335900 -16885.2 12020.4 612.682 124.54 5.004118
9342700 4690.66 2297.64 785.724 -1039.71 5.004118
9335700 -15332.3 -10309.8 -340.626 -564.543 5.114144
9335900 -16923.9 12013.4 566.409 150.795 5.114144
9342700 4734.83 2202.62 772.468 -1124.52 5.114144
9335700 -15343.5 -10293.5 -423.085 -662.374 5.224118
9335900 -16895.3 12003.5 709.295 121.541 5.224118
9342700 4842.55 2123.13 579.447 -850.714 5.224118
9335700 -15345.8 -10301.1 -407.502 -586.412 5.334141
9335900 -16877 12004.2 705.922 81.7465 5.334141
9342700 4820.57 2116.46 393.011 -733.169 5.334141
9335700 -15343.9 -10253.2 -186.267 -482.537 5.434141
9335900 -16853.9 11987.5 675.146 -0.498382 5.434141
9342700 4872.82 1952.63 381.821 -797.82 5.434141
9335700 -15282.6 -10223.5 -117.804 -485.089 5.544118
9335900 -16843.9 11963.5 866.779 -93.6157 5.544118
9342700 4912.96 1846.52 301.364 -732.013 5.544118
9335700 -15271.5 -10223.1 -141.506 -523.731 5.644123
9335900 -16823.5 11939.3 864.013 -33.2227 5.644123
9342700 4904.81 1797.38 203.909 -675.73 5.644123
9335700 -15257.6 -10211.3 -245.435 -563.311 5.754108
9335900 -16826.3 11942.9 676.732 38.5088 5.754108
9342700 5245.71 1864.36 654.251 -305.53 5.754108
9335700 -15219.2 -10185.6 -299.122 -588.721 5.854124
9335900 -16813.9 11934.2 703.359 -24.7594 5.854124
9342700 5303.16 1831.05 697.26 -338.856 5.854124
9335700 -15207.8 -10186.1 -320.207 -522.359 5.954139
9335900 -16842.1 11963.4 663.38 92.5345 5.954139
9342700 5381.82 1774.45 662.856 -390.254 5.954139
9335700 -15200.8 -10176.3 -357.31 -476.997 6.054142
9335900 -16822 11951.4 674.928 99.8852 6.054142
9342700 5430.48 1758.47 628.739 -396.954 6.054142
9335700 -15217.4 -10192.7 -452.164 -481.764 6.164120
9335900 -16808.8 11908.1 575.848 -0.304386 6.164120
9342700 5465.67 1613 616.803 -660.706 6.164120
9335700 -15225.7 -10202.7 -391.009 -428.579 6.274141
9335900 -16757.9 11887.4 680.883 -84.9002 6.274141
9342700 5590.76 1491.1 621.248 -680.225 6.274141
9335700 -15249.4 -10191.2 -390.46 -285.912 6.374143
9335900 -16736.9 11885.8 661.529 -85.1015 6.374143
9342700 5659 1358.14 634.275 -764.164 6.374143
9335700 -15271.3 -10185.7 -369.006 -424.011 6.484119
9335900 -16678.8 11884.9 777.833 -60.7281 6.484119
9342700 5738.68 1279.05 536.503 -731.312 6.484119
9335700 -15206.1 -10245.7 -76.7785 -445.141 6.584121
9335900 -16679.3 11893.7 674.938 -51.3759 6.584121
9342700 5786.23 1199.97 596.479 -816.667 6.584121
9335700 -15143.4 -10223.4 -34.6955 -350.377 6.694144
9335900 -16737.4 11968.4 536.476 179.316 6.694144
9342700 5896.13 1089.41 687.038 -915.424 6.694144
9335700 -15060.7 -10264.9 -17.5548 -663.51 6.804120
9335900 -16779.1 11950.7 524.537 228.565 6.804120
9342700 5996.38 920.517 809.719 -1031.13 6.804120
9335700 -15107.1 -10269.2 -83.342 -580.352 6.904119
9335900 -16800.6 11909.3 553.486 229.451 6.904119
9342700 6046.6 865.065 709.059 -920.763 6.904119
9335700 -15149.4 -10306.5 -153.476 -605.664 7.004145
9335900 -16810.6 11900.7 576.072 265.596 7.004145
9342700 6142.65 784.592 632.944 -769.761 7.004145
9335700 -15142.5 -10294.5 -137.574 -585.749 7.114141
9335900 -16813.7 11910.4 506.248 215.486 7.114141
9342700 6207.1 756.883 541.691 -739.773 7.114141
9335700 -15171.7 -10287.4 -167.008 -473.16 7.224144
9335900 -16808 11879.1 514.05 100.8 7.224144
9342700 6264.05 712.279 479.51 -738.594 7.224144
9335700 -15190 -10278.1 -204.608 -455.052 7.334141
9335900 -16788.4 11876.3 527.717 83.0372 7.334141
9342700 6289.44 696.854 470.287 -668.817 7.334141
9335700 -15220.8 -10260.3 -393.109 -426.269 7.434142
9335900 -16749.6 11863.4 580.902 34.8482 7.434142
9342700 6407.69 575.929 609.143 -719.739 7.434142
9335700 -15254.1 -10268.7 -656.232 -339.422 7.544118
9335900 -16735.1 11849.3 592.898 -77.2651 7.544118
9342700 6471.93 440.249 645.134 -933.903 7.544118
9335700 -15268.1 -10284.4 -619.629 -338.122 7.644125
9335900 -16731.8 11831.2 595.69 -85.8064 7.644125
9342700 6505.73 375.259 721.44 -966.237 7.644125
9335700 -15285.9 -10250.3 -578.83 -291.261 7.754140
9335900 -16655.3 11805.3 672.03 -198.348 7.754140
9342700 6596.63 272.128 575.876 -939.561 7.754140
9335700 -15290.2 -10243.8 -649.605 -326.709 7.854143
9335900 -16685 11788.9 588.559 -222.256 7.854143
9342700 6628.61 232.746 533.644 -865.062 7.854143
9335700 -15307.1 -10273.1 -634.517 -410.384 7.964120
9335900 -16739.7 11729.7 446.713 -272.416 7.964120
9342700 6720.35 160.549 542.515 -724.38 7.964120
9335700 -15285.8 -10277.8 -578.349 -390.292 8.074142
9335900 -16701.8 11709.8 564.672 -338.498 8.074142
9342700 6848.65 20.1905 760.781 -859.084 8.074142
9335700 -15256.7 -10241.5 -529.968 -366.841 8.184121
9335900 -16662.7 11751.5 536.256 -247.987 8.184121
9342700 6905.38 -20.8796 836.162 -830.3 8.184121
9335700 -15261.1 -10216.3 -587.129 -270.633 8.284124
9335900 -16650.1 11813.3 502.021 -198.183 8.284124
9342700 6998.97 -166.927 670.812 -832.27 8.284124
9335700 -15284.7 -10199.9 -692.403 -249.9 8.394141
9335900 -16670.6 11816.5 506.281 -220.809 8.394141
9342700 7006.17 -206.849 520.306 -743.96 8.394141
9335700 -15289.4 -10160.3 -674.868 -235.666 8.494142
9335900 -16697.4 11790 501.939 -189.445 8.494142
9342700 7067.91 -334.109 513.752 -729.485 8.494142
9335700 -15296.2 -10170.3 -678.382 -305.744 8.604114
9335900 -16731.3 11798.5 554.413 -171.933 8.604114
9342700 7163.14 -512.923 502.031 -780.703 8.604114
9335700 -15299.4 -10163.8 -658.29 -205.869 8.704119
9335900 -16729.8 11799.6 645.865 -169.235 8.704119
9342700 7198.39 -576.439 436.718 -801.225 8.704119
9335700 -15316 -10161.4 -659.286 -256.101 8.814140
9335900 -16733.7 11819.3 703.296 -261.352 8.814140
9342700 7296.92 -664.838 443.039 -817.343 8.814140
9335700 -15310.5 -10168.4 -741.637 -265.375 8.914142
9335900 -16736.4 11832.2 641.88 -204.558 8.914142
9342700 7382.28 -708.899 524.968 -849.113 8.914142
9335700 -15295.7 -10116.5 -615.438 -233.751 9.024118
9335900 -16718.1 11825.7 590.5 -176.787 9.024118
9342700 7524.25 -761.631 551.398 -665.707 9.024118
9335700 -15262 -10103.8 -512.894 -222.781 9.124119
9335900 -16719.7 11800.1 662.166 -212.224 9.124119
9342700 7599.71 -802.632 613.069 -674.073 9.124119
9335700 -15247.4 -10091.7 -511.16 -323.079 9.234141
9335900 -16700.9 11779.9 751.634 -159.443 9.234141
9342700 7748.41 -924.072 726.001 -998.709 9.234141
9335700 -15241.1 -10102.4 -493.932 -402.324 9.344118
9335900 -16638.7 11738.5 776.757 -278.982 9.344118
9342700 7835.71 -1058.33 634.845 -1116.44 9.344118
9335700 -15229.3 -10092.1 -486.579 -319.727 9.444122
9335900 -16614.8 11722.7 808.014 -272.914 9.444122
9342700 7906.97 -1112.35 641.077 -1197.52 9.444122
9335700 -15194.7 -10077 -522.424 -291.943 9.554140
9335900 -16623.1 11654.7 715.893 -283.743 9.554140
9342700 7969.16 -1240.08 546.96 -1284.16 9.554140
9335700 -15193.2 -10064.8 -431.651 -214.033 9.664120
9335900 -16602.3 11637.9 744.805 -263.663 9.664120
9342700 8028.36 -1306.69 661.505 -1315.71 9.664120
9335700 -15087.9 -9848.66 -493.688 -183.707 10.457934
9335900 -16637.8 11718.9 587.561 -134.697 10.457934
9342700 8359.8 -1679.28 328.539 -852.925 10.457934
9335700 -15121.4 -9895.48 -529.397 -240.737 10.558041
9335900 -16645.6 11687.3 472.366 -237.264 10.558041
9342700 8441.11 -1844.6 245.254 -954.138 10.558041
9335700 -15132.8 -9894.49 -561.249 -292.577 10.668019
9335900 -16637.2 11675.8 583.019 -207.842 10.668019
9342700 8482.67 -1911.56 299.152 -945.339 10.668019
9335700 -15136.1 -9936.8 -541.336 -487.578 10.768021
9335900 -16634.8 11668.7 498.593 -163.094 10.768021
9342700 8557.18 -2036.59 356.994 -972.39 10.768021
9335700 -15127.2 -9947.74 -439.154 -442.926 10.878040
9335900 -16644.8 11666.7 429.178 -173.471 10.878040
9342700 8631.25 -2105.55 382.928 -606.107 10.878040
9344100 7779 2418 -569.666 649.738 10.878040
9335700 -15103.4 -9945.01 -376.934 -406.991 10.978044
9335900 -16639.2 11677.4 468.641 -209.234 10.978044
9342700 8675.95 -2165.14 461.732 -551.606 10.978044
9344100 7752.29 2323.26 -363.9 -873.964 10.978044
9335700 -15077.3 -9953.63 -405.44 -499.569 11.088018
9335900 -16654.8 11640.3 479.589 -291.832 11.088018
9342700 8808.31 -2225.89 528.51 -610.6 11.088018
9344100 7695.4 2005.52 -439.492 -1225.6 11.088018
9335700 -15063.2 -9957.01 -415.091 -538.291 11.188019
9335900 -16682.4 11605.1 496.292 -367.423 11.188019
9342700 8923.87 -2273.39 657.322 -618.11 11.188019
9344100 7663.67 1897.47 -464.766 -1170.33 11.188019
9335700 -15059.9 -9978.63 -428.936 -495.656 11.298017
9335900 -16681.1 11556.2 441.157 -378.289 11.298017
9342700 9083.17 -2410.52 821.466 -766.363 11.298017
9344100 7672.91 1676.05 -442.03 -1264.58 11.298017
9335700 -15048.2 -10050.7 -482.787 -740.964 11.398043
9335900 -16687.9 11548.3 392.318 -307.89 11.398043
9342700 9255.39 -2543.05 859.826 -811.661 11.398043
9344100 7729.93 1462.46 -111.647 -1304.25 11.398043
9335700 -15006.9 -10079 -610.277 -679.651 11.508021
9335900 -16682.3 11539.5 510.558 -339.807 11.508021
9342700 9338.23 -2635.93 776.491 -970.696 11.508021
9344100 7770.95 1402.36 -48.7902 -1382.9 11.508021
9335700 -15000.3 -10073.4 -412.473 -568.387 11.618019
9335900 -16645.7 11584.5 428.777 -348.317 11.618019
9342700 9475.82 -2814.4 896.676 -1133.52 11.618019
9344100 7776.79 1187.5 -67.5717 -1271.76 11.618019
9335700 -15004.7 -10090.8 -319.556 -538.61 11.718031
9335900 -16634.4 11581.4 381.245 -264.176 11.718031
9342700 9544.41 -2888.77 849.799 -1195.04 11.718031
9344100 7780.79 1111.01 -26.0383 -1172.58 11.718031
9335700 -15004.7 -10063.7 -381.549 -388.785 11.818041
9335900 -16623.4 11607.9 546.473 -231.578 11.818041
9342700 9634.07 -3040.6 863.447 -1181.95 11.818041
9344100 7835.86 914.328 143.629 -1056.72 11.818041
9335700 -14967.6 -10096.2 -200.22 -435.655 11.928019
9335900 -16617.9 11658.5 480.722 -205.854 11.928019
9342700 9724.1 -3141.57 870.784 -939.354 11.928019
9344100 7863.76 820.559 145.128 -1072.85 11.928019
9335700 -14932.1 -10097.8 -126.687 -421.149 12.038019
9335900 -16606.3 11682.1 424.444 -216.924 12.038019
9342700 9798.25 -3204.61 927.329 -938.169 12.038019
9344100 7902.52 770.87 262.146 -1068.58 12.038019
9335700 -14854.8 -10100.8 95.0411 -545.57 12.138040
9335900 -16632.7 11665.9 424.683 -328.996 12.138040
9342700 9915.52 -3330.37 1056.92 -1048.98 12.138040
9344100 7964.3 633.596 288.053 -957.06 12.138040
9335700 -14848.9 -10088.4 138.463 -517.425 12.238050
9335900 -16640.9 11654.5 507.408 -361.236 12.238050
9342700 9999.63 -3385.19 1173.14 -1030.15 12.238050
9344100 7979.33 578.026 247.522 -972.103 12.238050
9335700 -14836 -10095 135.542 -473.427 12.348019
9335900 -16656.6 11619.9 396.106 -387.853 12.348019
9342700 10127 -3477.41 1076.33 -721.627 12.348019
9344100 8013.86 448.444 244.164 -885.896 12.348019
9335700 -14817.1 -10116.6 104.627 -619.22 12.458041
9335900 -16640.5 11719.2 482.678 -276.769 12.458041
9342700 10179.3 -3519.73 995.036 -657.188 12.458041
9344100 8064.53 338.25 253.48 -814.914 12.458041
9335700 -14790.3 -10194.7 156.179 -792.098 12.568016
9335900 -16609.7 11758.7 480.763 -140.172 12.568016
9342700 10245.7 -3642.87 860.915 -668.252 12.568016
9344100 8127.27 83.4004 327.494 -923.486 12.568016
9335700 -14799.5 -10187.7 211.424 -696.172 12.668018
9335900 -16659.1 11768.5 435.939 -137.311 12.668018
9342700 10266.3 -3704.11 811.635 -704.159 12.668018
9344100 8178.63 -65.8833 462.767 -998.28 12.668018
9335700 -14836.8 -10174.8 117.579 -641.956 12.768024
9335900 -16691.4 11742.2 573.295 -238.516 12.768024
9342700 10338.3 -3841.82 720.883 -752.569 12.768024
9344100 8270.2 -96.5527 368.561 -684.657 12.768024
9335700 -14831.9 -10214.5 150.074 -705.829 12.878040
9335900 -16740.9 11687.6 439.522 -199.766 12.878040
9342700 10370.8 -3911.12 642.29 -695.924 12.878040
9344100 8390.37 -396.46 322.202 -859.763 12.878040
9335700 -14785.6 -10229.2 186.958 -604.739 12.978043
9335900 -16790.1 11678.7 425.991 -274.644 12.978043
9342700 10395.9 -3958.57 651.581 -657.062 12.978043
9344100 8409.32 -414.501 298.294 -760.018 12.978043
9335700 -14844.4 -10246 48.4612 -590.075 13.088018
9335900 -16887.2 11681.4 494.793 -412.798 13.088018
9342700 10525.9 -4084.94 679.755 -650.416 13.088018
9344100 8611.67 -539.194 733.437 -849.168 13.088018
9335700 -14988.1 -10273.7 -171.627 -482.762 13.198040
9335900 -16910.5 11697.8 586.044 -464.555 13.198040
9342700 10622.6 -4246.24 657.991 -789.27 13.198040
9344100 8688.08 -678.107 442.741 -814.664 13.198040
9335700 -15048.2 -10298.5 -183.577 -443.675 13.308017
9335900 -16905.9 11701 589.754 -486.235 13.308017
9342700 10670.4 -4346.58 643.556 -803.568 13.308017
9344100 8718.28 -755.088 358.392 -804.252 13.308017
9335700 -15111.2 -10333.3 -160.356 -498.469 13.408018
9335900 -16902.8 11672.5 627.812 -511.93 13.408018
9342700 10769.4 -4510.52 720.317 -910.942 13.408018
9344100 8867.84 -876.357 503.613 -797.543 13.408018
9335700 -15125 -10300.6 -198.64 -432.173 13.518039
9335900 -16914.5 11653.4 640.257 -444.112 13.518039
9342700 10809.6 -4598.07 724.887 -956.774 13.518039
9344100 8950.37 -923.637 658.424 -801.349 13.518039
9335700 -15218.6 -10216.6 -472.305 -437.679 13.618046
9335900 -16930.3 11685.4 643.18 -247.854 13.618046
9342700 10907.6 -4767.74 719.597 -827.847 13.618046
9344100 9143.63 -1022.78 780.99 -782.668 13.618046
9335700 -15336.7 -10180.6 -766.128 -308.502 13.728016
9335900 -16947.3 11721.8 547.767 -215.916 13.728016
9342700 11018.4 -4899.21 740.444 -771.264 13.728016
9344100 9238.82 -1127.63 660.958 -735.496 13.728016
9335700 -15397.3 -10154.1 -761.195 -270.937 13.838024
9335900 -16931.2 11734.3 472.126 -206.299 13.838024
9342700 11099.9 -4973.06 853.808 -812.288 13.838024
9344100 9281.46 -1198.06 601.011 -724.292 13.838024
9335700 -15501.5 -10105.5 -776.081 -26.2097 13.938040
9335900 -16873.2 11700.3 563.082 -252.558 13.938040
9342700 11219.3 -5045.18 759.166 -678.536 13.938040
9344100 9370.43 -1320.03 661.363 -807.733 13.938040
9335700 -15511.5 -10057 -735.794 180.281 14.038044
9335900 -16859.1 11680.8 547.734 -305.027 14.038044
9342700 11274.6 -5109.21 783.694 -710.657 14.038044
9344100 9432.21 -1373.69 775.522 -857.456 14.038044
9335700 -15595.9 -9973.25 -664.446 282.93 14.148018
9335900 -16842.1 11655.8 516.106 -324.871 14.148018
9342700 11410 -5238.99 692.807 -712.663 14.148018
9344100 9712.18 -1492.52 889.963 -972.471 14.148018
9335700 -15637.6 -9953.77 -706.559 373.111 14.258039
9335900 -16831.1 11639.6 552.922 -381.599 14.258039
9342700 11456.6 -5335.64 758.957 -893.49 14.258039
9344100 9823.73 -1604.89 862.008 -1073.96 14.258039
9335700 -15705.2 -9903.19 -728.047 325.602 14.368034
9335900 -16818.1 11584.3 570.945 -512.677 14.368034
9342700 11538 -5457.54 734.441 -713.499 14.368034
9344100 9961.16 -1828.92 734.206 -1193.64 14.368034
9335700 -15804.5 -9900.42 -865.648 235.956 14.478040
9335900 -16834.6 11569.3 395.292 -449.502 14.478040
9342700 11642.4 -5543.71 705.884 -686.864 14.478040
9344100 10040.9 -1948.99 526.557 -968.085 14.478040
9335700 -15856.7 -9901.52 -938.351 226.773 14.578040
9335900 -16881.3 11568.1 306.069 -551.098 14.578040
9342700 11756.2 -5707.14 772.154 -992.581 14.578040
9344100 10108.7 -2095.03 516.751 -1135.2 14.578040
9335700 -15940.3 -9960.38 -749.676 -52.4079 14.678041
9335900 -16905.9 11547.3 284.751 -652.112 14.678041
9342700 11858.6 -5920.85 738.08 -1092.26 14.678041
9344100 10210.1 -2197.33 493.79 -935.933 14.678041
9335700 -15964 -9971.88 -652.741 -67.5985 14.783130
9335900 -16886.8 11542.8 266.821 -613.643 14.783130
9342700 12000.7 -6038.83 904.981 -1252.57 14.783130
9344100 10248.2 -2234.11 543.052 -832.656 14.783130
9335700 -15993.8 -10036.9 -631.443 -126.175 14.883132
9335900 -16959 11549.5 61.6044 -670.116 14.883132
9342700 12264.8 -6266.24 1192.59 -1240.09 14.883132
9344100 10385.5 -2326.98 717.587 -840.474 14.883132
9335700 -16008 -10073.5 -509.548 -184.879 14.993131
9335900 -16990.3 11548.7 9.91306 -660.373 14.993131
9342700 12335 -6310.56 1173.7 -1172.43 14.993131
9344100 10484.5 -2342.35 883.869 -907.789 14.993131
9335700 -16092.4 -10161.7 -658.442 -295.555 15.093132
9335900 -17020.4 11524.1 -90.7853 -669.474 15.093132
9342700 12428.7 -6414.49 943.361 -1051.03 15.093132
9344100 10669.3 -2495.95 1015.73 -1053.03 15.093132
9335700 -16160.1 -10183.2 -666.025 -318.094 15.203132
9335900 -17071.2 11531.4 -211.032 -570.013 15.203132
9342700 12517.3 -6570.21 876.955 -951.145 15.203132
9344100 10793.8 -2699.28 1014.46 -1156.35 15.203132
9335700 -16162.4 -10158.2 -604.623 -293.262 15.313131
9335900 -17105.8 11522 -323.424 -572.2 15.313131
9342700 12563 -6663.23 876.023 -1033.91 15.313131
9344100 10825.6 -2709.3 855.653 -886.06 15.313131
9335700 -16189.8 -10174.3 -742.69 -410.343 15.423136
9335900 -17180.2 11518.8 -438.942 -560.156 15.423136
9342700 12676.7 -6860.36 756.581 -1290.85 15.423136
9344100 10956.3 -2842.3 857.569 -937.988 15.423136
9335700 -16244.5 -10179.8 -646.383 -262.337 15.533132
9335900 -17245.7 11490.3 -553.474 -607.616 15.533132
9342700 12846.3 -6920.6 1031.19 -1019.57 15.533132
9344100 11043.1 -3021.51 745.67 -1116.5 15.533132
9335700 -16262.1 -10137.4 -574.679 -146.067 15.643132
9335900 -17292.3 11473 -606.27 -657.745 15.643132
9342700 12921.7 -6951.59 1097.78 -954.603 15.643132
9344100 11076.9 -3074.37 742.136 -1092.01 15.643132
9335700 -16395.6 -10121.6 -756.838 -102.334 15.753132
9335900 -17306 11507.9 -522.054 -626.05 15.753132
9342700 13055.7 -7050.13 979.77 -926.903 15.753132
9344100 11140.4 -3217.55 551.445 -1011.63 15.753132
9335700 -16450.4 -10096.7 -767.6 -46.2043 15.863131
9335900 -17332.5 11496 -498.989 -532.287 15.863131
9342700 13121.6 -7070.42 820.568 -698.117 15.863131
9344100 11151.9 -3276.82 392.318 -844.094 15.863131
9335700 -16518.3 -10106.9 -719.584 -75.4498 15.963133
9335900 -17308.5 11498.8 -419.179 -471.808 15.963133
9342700 13177.7 -7140.14 728.946 -605.253 15.963133
9344100 11219.5 -3346.46 386.686 -752.523 15.963133
9335700 -16634.1 -10122.8 -695.956 -144.382 16.073132
9335900 -17303.9 11536.3 -491.644 -449.658 16.073132
9342700 13257.9 -7288.28 632.269 -682.024 16.073132
9344100 11379.6 -3397.48 581.472 -832.491 16.073132
9335700 -16660 -10126.2 -634.236 -150.248 16.173132
9335900 -17323.7 11538 -496.028 -479.499 16.173132
9342700 13298.6 -7380.66 601.862 -750.016 16.173132
9344100 11432.2 -3498.81 573.431 -882.039 16.173132
9335700 -16706.3 -10158.7 -642.228 -91.7041 16.283131
9335900 -17379.9 11500.8 -463.713 -401.687 16.283131
9342700 13391.4 -7491.3 627.097 -727.801 16.283131
9344100 11575.3 -3600.73 599.681 -763.163 16.283131
9335700 -16772.1 -10143.5 -709.231 -21.457 16.383137
9335900 -17394.7 11476.6 -428.079 -393.951 16.383137
9342700 13469.8 -7536.68 730.355 -660.367 16.383137
9344100 11647.9 -3637.92 622.369 -726.884 16.383137
9335700 -16843.1 -10100.9 -572.764 62.7428 16.493135
9335900 -17385.1 11459.5 -350.227 -357.371 16.493135
9342700 13597.1 -7615.87 793.274 -656.735 16.493135
9344100 11730.7 -3862.17 446.453 -756.163 16.493135
9344700 -35423 -4616 1173.01 -117.982 16.493135
9335700 -16891.3 -10050.8 -561.503 148.078 16.603136
9335900 -17383.8 11450.4 -308.345 -355.577 16.603136
9342700 13758.5 -7692.91 942.111 -707.89 16.603136
9344100 11817.3 -4013.66 476.719 -768.542 16.603136
9344700 -35274.4 -4665.29 1051.77 54.1186 16.603136
9335700 -16924.5 -10046.8 -600.172 114.329 16.713114
9335900 -17387.5 11417.9 -276.6 -441.312 16.713114
9342700 13825.5 -7733.59 931.136 -671.731 16.713114
9344100 11899.3 -4091.97 505.928 -686.683 16.713114
9344700 -35210.2 -4683.54 942.091 106.366 16.713114
9335700 -16947.8 -9989.87 -573.472 230.048 16.813131
9335900 -17421.9 11412.2 -352.428 -469.904 16.813131
9342700 13929 -7844.28 789.961 -605.509 16.813131
9344100 11987.4 -4210.16 447.745 -729.901 16.813131
9335700 -16954.1 -9976.76 -653.437 213.528 16.923134
9335900 -17437.5 11416.9 -430.636 -478.014 16.923134
9342700 14006.2 -7882.56 792.693 -615.85 16.923134
9344100 12028.2 -4247.84 430.254 -648.447 16.923134
9335700 -17028.9 -9979.49 -620.533 90.9816 17.033133
9335900 -17517.4 11417 -552.359 -517.648 17.033133
9342700 14168.5 -7988.26 898.075 -649.537 17.033133
9344100 12112.3 -4402.37 483.972 -693.703 17.033133
9335700 -17140 -9951.37 -639.208 -1.24325 17.143131
9335900 -17471 11331.7 -430.654 -547.331 17.143131
9342700 14279.6 -8136.37 928.266 -692.936 17.143131
9344100 12213 -4552.42 464.518 -794.377 17.143131
9335700 -17143.3 -9998.09 -648.182 -22.2267 17.243135
9335900 -17479.8 11314.2 -449.209 -573.602 17.243135
9342700 14345.7 -8216.92 895.859 -684.398 17.243135
9344100 12260.1 -4618.42 552.213 -870.622 17.243135
9335700 -17110.9 -10023.5 -666.248 -83.3709 17.353130
9335900 -17436.7 11341.3 -470.266 -364.329 17.353130
9342700 14463.4 -8336.01 813.362 -766.38 17.353130
9344100 12312.1 -4781.51 447.087 -923.278 17.353130
9335700 -17144.6 -10039.8 -676.595 -96.0026 17.453131
9335900 -17435 11362.9 -446.219 -318.406 17.453131
9342700 14522.4 -8399.26 826.298 -850.585 17.453131
9344100 12442.3 -4862.23 599.399 -921.709 17.453131
9335700 -17216.9 -9944.07 -712.056 10.2124 17.553131
9335900 -17445.7 11375.1 -571.641 -361.466 17.553131
9342700 14648.2 -8499.7 827.741 -921.398 17.553131
9344100 12577.5 -5034.43 730.556 -873.106 17.553131
9335700 -17235.2 -9969.48 -676.543 -37.6492 17.653131
9335900 -17433.5 11380.1 -531.476 -326.359 17.653131
9342700 14743.9 -8568.64 928.83 -920 17.653131
9344100 12600.1 -5097.64 699.016 -883.148 17.653131
9335700 -17320.8 -10013.2 -795.106 -202.111 17.763130
9335900 -17427.3 11391.1 -432.433 22.3331 17.763130
9342700 14852.9 -8706.29 946.794 -981.013 17.763130
9344100 12770.2 -5235.21 821.809 -852.132 17.763130
9335700 -17386.4 -10066.4 -665.168 -224.086 17.873131
9335900 -17467.2 11498 -601.125 389.939 17.873131
9342700 14982.5 -8825.77 925.356 -967.281 17.873131
9344100 12948.3 -5400.59 867.07 -783.831 17.873131
9335700 -17410.8 -10116.5 -663.584 -276.322 17.983109
9335900 -17453.4 11589 -706.715 572.04 17.983109
9342700 15045.6 -8870.03 874.107 -932.062 17.983109
9344100 13022.3 -5478.02 783.451 -794.693 17.983109
9335700 -17437.8 -10165.6 -607.535 -376.652 18.083132
9335900 -17454.4 11753.9 -825.295 810.192 18.083132
9342700 15123.2 -8984.58 768.928 -755.705 18.083132
9344100 13152 -5620.76 767.744 -750.534 18.083132
9335700 -17456 -10208 -588.388 -473.99 18.183136
9335900 -17485.2 11787.1 -937.096 624.94 18.183136
9342700 15207 -9166.07 897.222 -1174.82 18.183136
9344100 13295.8 -5582.37 808.658 -499.538 18.183136
9335700 -17496.4 -10273.6 -654.485 -566.204 18.293114
9335900 -17521.1 11663.6 -661.893 -31.1495 18.293114
9342700 15362.7 -9240.84 827.861 -933.572 18.293114
9344100 13403.5 -5756.56 950.372 -700.69 18.293114
9335700 -17456.2 -10294.8 -495.497 -452.678 18.393133
9335900 -17532.2 11537.4 -743.321 -350.313 18.393133
9342700 15445.2 -9360.66 728.99 -864.471 18.393133
9344100 13503.1 -5892.84 762.356 -685.765 18.393133
9335700 -17412.9 -10322.4 -482.627 -463.904 18.503134
9335900 -17561 11524.5 -658.044 -346.187 18.503134
9342700 15492.6 -9425.59 688.199 -828.497 18.503134
9344100 13537 -5921.91 674.003 -582.083 18.503134
9335700 -17334.5 -10359.2 -493.781 -465.031 18.613132
9335900 -17468.1 11538.1 -218.211 -134.166 18.613132
9342700 15585.5 -9542.34 710.088 -666.108 18.613132
9344100 13634.4 -6045.71 705.21 -628.043 18.613132
9335700 -17357.6 -10382.5 -513.757 -476.176 18.713139
9335900 -17403.7 11681.9 -23.8515 248.575 18.713139
9342700 15680.7 -9636.59 765.135 -695.825 18.713139
9344100 13714.9 -6184.63 778.245 -841.023 18.713139
9335700 -17385.6 -10334 -449.458 -432.665 18.823132
9335900 -17293.2 11863 312.033 586.121 18.823132
9342700 15833.7 -9800.29 893.76 -896.414 18.823132
9344100 13821.6 -6287.79 773.046 -709.244 18.823132
9335700 -17407.5 -10311.3 -436.128 -413.452 18.933130
9335900 -17255.1 11902.4 351.475 539.446 18.933130
9342700 15921 -9927.27 998.418 -1063.78 18.933130
9344100 13890.2 -6351.15 753.709 -628.057 18.933130
9335700 -17451 -10305.9 -438.054 -414.484 19.033131
9335900 -17200.4 11947.2 361.672 483.493 19.033131
9342700 15974.9 -10093.8 768.679 -887.039 19.033131
9344100 13939.5 -6432.63 765.419 -632.772 19.033131
9335700 -17472.4 -10316.6 -450.288 -398.362 19.133131
9335900 -17157.1 11939.1 386.499 423.641 19.133131
9342700 15996.1 -10109.4 659.912 -769.264 19.133131
9344100 14021.9 -6503.84 786.509 -706.612 19.133131
9335700 -17515.1 -10333.5 -469.87 -322.703 19.233131
9335900 -17143.4 11869.3 458.854 91.7242 19.233131
9342700 16118 -10144 733.872 -901.124 19.233131
9344100 14212 -6627.11 950.465 -813.546 19.233131
9335700 -17567.9 -10283.6 -657.577 -110.963 19.343103
9335900 -17071.5 11785.8 506.569 10.6641 19.343103
9342700 16178.3 -10155.5 563.806 -655.794 19.343103
9344100 14308 -6781.57 813.699 -933.426 19.343103
9335700 -17598.7 -10260.7 -672.471 -101.289 19.443110
9335900 -17037.7 11748.7 603.522 -5.77106 19.443110
9342700 16253.6 -10209.2 673.162 -626.959 19.443110
9344100 14302.7 -6787.71 721.543 -775.617 19.443110
9335700 -17601.5 -10278.9 -654.235 -290.501 19.543129
9335900 -17031.7 11704.8 637.307 -47.151 19.543129
9342700 16433.1 -10370.3 900.305 -766.355 19.543129
9344100 14424.3 -6919.27 807.123 -747.692 19.543129
9335700 -17535.6 -10342.3 -546.795 -476.188 19.664434
9335900 -17008.2 11693.1 614.737 -66.9479 19.664434
9342700 16510.3 -10436.2 844.805 -649.83 19.664434
9344100 14491.3 -7002.83 809.514 -797.757 19.664434
9335700 -17495.9 -10427.3 -449.1 -734.856 19.764542
9335900 -16975.4 11695.8 626.278 -50.559 19.764542
9342700 16577.3 -10570.6 805.903 -815.36 19.764542
9344100 14587.7 -7128.11 731.703 -787.151 19.764542
9335700 -17499.8 -10449 -389.41 -661.345 19.864542
9335900 -16960.1 11712.6 582.502 6.4525 19.864542
9342700 16638.4 -10650 873.108 -858.48 19.864542
9344100 14640.4 -7175.61 765.788 -817.138 19.864542
9335700 -17513.6 -10435.7 -335.944 -606.62 19.964542
9335900 -16922.5 11696.3 679.66 -86.7126 19.964542
9342700 16749.7 -10761.7 1002.51 -795.074 19.964542
9344100 14748.5 -7268.93 792.766 -832.439 19.964542
9335700 -17536.2 -10440.1 -385.997 -588.198 20.074541
9335900 -16868.7 11710.6 710.181 -33.1062 20.074541
9342700 16903 -10813.5 1095.9 -635.149 20.074541
9344100 14954.5 -7401.04 808.4 -870.643 20.074541
9335700 -17529 -10451.1 -480.453 -583.092 20.174543
9335900 -16849.8 11723.7 762.322 -31.3786 20.174543
9342700 16983.8 -10860.4 1046.78 -559.869 20.174543
9344100 15053.8 -7635.28 935.679 -918.976 20.174543
9335700 -17578 -10420.7 -390.305 -511.917 20.284515
9335900 -16833.8 11759.2 716.108 95.4454 20.284515
9342700 17120.4 -10943.5 1215.92 -599.262 20.284515
9344100 15172.5 -7750.54 924.373 -837.906 20.284515
9335700 -17590.6 -10414.2 -460.407 -496.514 20.384542
9335900 -16855 11779.8 665.136 170.487 20.384542
9342700 17221.6 -10992.3 1247.79 -591.424 20.384542
9344100 15227.9 -7781.21 902.626 -692.26 20.384542
9335700 -17545.8 -10353.2 -468.836 -465.609 20.494541
9335900 -16854.7 11841.1 548.468 304.25 20.494541
9342700 17267.5 -11032.4 855.006 -505.64 20.494541
9344100 15379.8 -7769.59 1136.56 -479.002 20.494541
9335700 -17526.3 -10340.2 -546.265 -426.877 20.594542
9335900 -16843.2 11880.8 569.943 366.021 20.594542
9342700 17319.7 -11063.4 793.684 -450.238 20.594542
9344100 15467.5 -7755.22 1260.8 -324.466 20.594542
9335700 -17543.8 -10307.6 -604.922 -474.671 20.694542
9335900 -16839.8 11953.4 546.048 494.748 20.694542
9342700 17405 -11164 683.255 -638.208 20.694542
9344100 15560.9 -7822.38 943.767 -281.957 20.694542
9335700 -17557.9 -10265.8 -586.291 -504.54 20.804541
9335900 -16863.5 12000.1 540.985 551.403 20.804541
9342700 17477.9 -11329 655.223 -867.614 20.804541
9344100 15585.4 -8059.89 787.193 -663.346 20.804541
9335700 -17569 -10262.2 -600.313 -466.307 20.904575
9335900 -16858.9 12012 488.03 498.633 20.904575
9342700 17519.6 -11401.5 642.633 -984.776 20.904575
9344100 15664.2 -8130.05 792.107 -685.548 20.904575
9335700 -17566.2 -10263.9 -557.047 -472.406 21.014540
9335900 -16837.5 12042.4 529.666 464.102 21.014540
9342700 17712.5 -11577.5 784.616 -1250.5 21.014540
9344100 15784.2 -8208.8 772.936 -732.892 21.014540
9335700 -17536.8 -10260.1 -459.264 -445.782 21.114548
9335900 -16836.9 12078.3 418.896 461.433 21.114548
9342700 17762.7 -11641.4 712.722 -1209.13 21.114548
9344100 15849.4 -8265.47 784.446 -729.075 21.114548
9335700 -17563.5 -10284.5 -430.613 -463.319 21.224539
9335900 -16811.6 12092.7 438.362 540.283 21.224539
9342700 17905.7 -11769.1 734.336 -1054.26 21.224539
9344100 15962.5 -8377.38 838.959 -671.668 21.224539
9335700 -17549.1 -10291.8 -356.698 -405.821 21.334539
9335900 -16789.6 12102.9 462.524 573.435 21.334539
9342700 17947.6 -11812.2 681.442 -957.129 21.334539
9344100 16040.1 -8451.86 895.728 -729.414 21.334539
9335700 -17573.3 -10337 -333.271 -415.435 21.434542
9335900 -16803.7 12146.4 448.924 550.138 21.434542
9342700 18007.3 -11828.7 557.184 -705.311 21.434542
9344100 16205.7 -8595.75 932.44 -913.286 21.434542
9335700 -17576.6 -10355.5 -344.984 -488.594 21.544540
9335900 -16821.8 12127.5 498.526 458.999 21.544540
9342700 18393.5 -12155 1262.05 -1138.78 21.544540
9344100 16322.5 -8674.25 798.48 -656.21 21.544540
9335700 -17580.7 -10348.2 -407.762 -422.171 21.644548
9335900 -16839.6 12114.2 555.535 417.864 21.644548
9342700 18541.8 -12162.3 1394.58 -883.471 21.644548
9344100 16355.1 -8695.01 729.871 -615.185 21.644548
9335700 -17567.1 -10289.1 -503.908 -408.391 21.754541
9335900 -16840.8 12086.4 553.441 377.616 21.754541
9342700 18758.8 -12216.8 1536.66 -489.422 21.754541
9344100 16441.9 -8816.94 689.878 -544.795 21.754541
9335700 -17598.5 -10299.7 -571.292 -486.043 21.864542
9335900 -16855.5 12066.2 429.073 295.443 21.864542
9342700 18923.1 -12342.6 1462.84 -520.048 21.864542
9344100 16512.1 -8941.73 624.301 -539.829 21.864542
9345300 45344 -19705 1384.86 -2.959 21.864542
9335700 -17599.1 -10303.9 -475.917 -499.943 21.974514
9335900 -16883.6 12047.9 401.642 290.852 21.974514
9342700 19017 -12380.3 1380.51 -511.666 21.974514
9344100 16554.4 -9000.9 623.772 -580.112 21.974514
9345300 45283.9 -19709.9 -1261.44 -469.479 21.974514
9335700 -17525.5 -10310.9 -385.172 -464.316 22.074543
9335900 -16885.1 12056.5 400.857 347.126 22.074543
9342700 19060.1 -12485 1030.44 -634.46 22.074543
9344100 16652.4 -9118.94 575.835 -669.918 22.074543
9345300 45078.3 -19673.7 -1299.58 -29.3878 22.074543
9335700 -17527.8 -10299.2 -427.319 -479.299 22.184528
9335900 -16904.7 12055.8 376.489 384.388 22.184528
9342700 19120 -12545.2 968.7 -694.733 22.184528
9344100 16698.3 -9187.11 523.973 -707.906 22.184528
9345300 44965.4 -19595.6 -1312.38 399.832 22.184528
9335700 -17557.3 -10312.7 -405.409 -435.481 22.294516
9335900 -16908.2 12056.7 388.246 298.957 22.294516
9342700 19227.8 -12672.9 918.631 -749.499 22.294516
9344100 16781.4 -9273.69 498.423 -589.23 22.294516
9345300 44782 -19518.7 -1342.55 407.491 22.294516
9335700 -17581.3 -10346.2 -448.867 -445.485 22.394543
9335900 -16906.3 12057.6 505.86 316.782 22.394543
9342700 19296.5 -12709.7 849.221 -680.689 22.394543
9344100 16858.5 -9332.99 618.437 -556.085 22.394543
9345300 44685.3 -19482.9 -1346.93 477.632 22.394543
9335700 -17575.1 -10387.2 -408.076 -493.03 22.494545
9335900 -16854.9 12068.5 697.494 278.824 22.494545
9342700 19443 -12826.2 873.846 -766.164 22.494545
9344100 17058.4 -9552.89 872.687 -808.777 22.494545
9345300 44512.5 -19401.6 -1338.79 513.51 22.494545
9335700 -17577.8 -10353.7 -362.408 -429.289 22.604546
9335900 -16855.5 12079.4 763.012 286.21 22.604546
9342700 19604.7 -12940.4 737.047 -794.034 22.604546
9344100 17187.4 -9682.21 917.761 -764.693 22.604546
9345300 44362.1 -19349.9 -1212.95 406.545 22.604546
9335700 -17602.3 -10306.8 -416.057 -352.222 22.714544
9335900 -16805.3 12083.5 742.774 284.11 22.714544
9342700 19674.2 -12994.6 757.219 -780.091 22.714544
9344100 17243.9 -9782.68 968.31 -928.555 22.714544
9345300 44253.5 -19330.5 -1233.32 360.166 22.714544
9335700 -17602.9 -10285.2 -409.499 -283.011 22.824549
9335900 -16819.1 12066.9 688.252 348.363 22.824549
9342700 19772.7 -13065.3 666.803 -629.797 22.824549
9344100 17440.2 -10209.6 842.063 -1793.39 22.824549
9345300 44084.7 -19319.4 -1230.37 124.515 22.824549
9335700 -17636.2 -10303.2 -437.857 -361.35 22.934542
9335900 -16828.5 12068.6 545.013 308.996 22.934542
9342700 19824.3 -13073.1 730.264 -600.298 22.934542
9344100 17497.5 -10311.5 954.864 -1673.07 22.934542
9345300 43986.5 -19330.5 -1248.99 61.4662 22.934542
9335700 -17642.7 -10306.6 -413.297 -439.851 23.034542
9335900 -16892.7 12048 497.059 253.64 23.034542
9342700 19868.6 -13116.3 630.249 -526.27 23.034542
9344100 17565.5 -10475.1 996.282 -1358.88 23.034542
9345300 43840.4 -19249.5 -1141.09 241.789 23.034542
9335700 -17635 -10336.4 -495.119 -435.755 23.134542
9335900 -16908.6 12049.5 478.826 183.029 23.134542
9342700 19943.9 -13156.4 671.888 -535.751 23.134542
9344100 17727 -10552.4 1029.04 -1200.28 23.134542
9345300 43683.6 -19140.6 -1063.67 462.763 23.134542
9335700 -17645.8 -10341.7 -519.429 -508.275 23.244526
9335900 -16911 12049.4 417.397 144.185 23.244526
9342700 19993.3 -13230.6 710.614 -616.95 23.244526
9344100 17794.7 -10548.4 1069.53 -1174.23 23.244526
9345300 43609.4 -19088.1 -1028.84 524.112 23.244526
9335700 -17596 -10379.3 -475.22 -628.192 23.344540
9335900 -16977.9 11968.9 248.944 -121.125 23.344540
9342700 20146.4 -13359.7 743.078 -721.687 23.344540
9344100 17961.8 -10665 1275.22 -1180.68 23.344540
9345300 43483.5 -19001.7 -1067.33 545.458 23.344540
9335700 -17619.6 -10385.2 -479.089 -607.597 23.444546
9335900 -17034.4 11909.9 88.3166 -279.871 23.444546
9342700 20198.6 -13424.3 759.23 -754.886 23.444546
9344100 18015.7 -10667.5 1194.37 -1144.42 23.444546
9345300 43413.1 -18955.7 -925.898 469.449 23.444546
9335700 -17647.4 -10377.3 -515.038 -574.505 23.554541
9335900 -17099.5 11833 -59.762 -286.309 23.554541
9342700 20280.9 -13510.8 788.584 -713.849 23.554541
9344100 18080.1 -10744.7 987.917 -1078.31 23.554541
9345300 43299.4 -18858 -969.282 467.8 23.554541
9335700 -17633.3 -10376.2 -429.435 -415.205 23.654541
9335900 -17153.1 11767.7 -167.074 -444.923 23.654541
9342700 20345.3 -13543.8 855.454 -726.7 23.654541
9344100 18142.7 -10815.7 901.574 -1018.5 23.654541
9345300 42821.5 -18658 -2046.57 -906.126 23.654541
9335700 -17629 -10289.6 -573.595 -374.133 23.754543
9335900 -17186.7 11683.7 -197.042 -628.374 23.754543
9342700 20496.9 -13632.8 1010.77 -582.53 23.754543
9344100 18286.1 -10820.1 815.989 -793.478 23.754543
9345300 42599.9 -18531.4 -1720.06 805.239 23.754543
9345500 44277 -18581 1194.79 -264.143 23.754543
9335700 -17622.4 -10255.5 -497.91 -255.033 23.864540
9335900 -17038.3 11753.3 17.2224 -475.311 23.864540
9342700 20668.8 -13669.5 986.898 -474.203 23.864540
9344100 18384.8 -10934.5 739.207 -706.76 23.864540
9345300 42399.2 -18039.9 -1458.68 1724.8 23.864540
9345500 44107.9 -18557 -958.393 400.493 23.864540
9335700 -17621.1 -10240.8 -417.326 -287.838 23.974548
9335900 -17198.8 11688.3 -211.613 -490.163 23.974548
9342700 20743.7 -13680.8 983.11 -432.023 23.974548
9344100 18432.7 -10960 650.64 -532.374 23.974548
9345300 42251.7 -17852 -1621.65 1746.69 23.974548
9345500 44123.6 -18643.4 -572.653 218.361 23.974548
9335700 -17612.1 -10199.4 -453.123 -385.606 24.084539
9335900 -17056.3 11793.9 5.93964 -232.631 24.084539
9342700 20890.2 -13772.1 956.87 -526.145 24.084539
9344100 18504 -11022.9 556.224 -442.654 24.084539
9345300 41953.4 -17744.3 -1705.3 1093.21 24.084539
9345500 44040.4 -18651.4 -555.999 172.928 24.084539
9335700 -17617.9 -10218.5 -508.163 -458.119 24.194542
9335900 -17237.4 11685.6 -307.855 -519.9 24.194542
9342700 21011.7 -13830 862.83 -423.667 24.194542
9344100 18587.6 -11065.1 404.594 -371.856 24.194542
9345300 41773.8 -17695.6 -1390.51 685.119 24.194542
9345500 43660.3 -18526.1 -916.214 606.087 24.194542
9335700 -17635.7 -10212.1 -522.262 -433.588 24.304546
9335900 -17294.5 11654.5 -351.749 -537.268 24.304546
9342700 21069.7 -13876 778.977 -409.421 24.304546
9344100 18627.1 -11090.3 368.533 -367.763 24.304546
9345300 41679.8 -17758.3 -1289.74 426.84 24.304546
9345500 43605.1 -18462 -835.319 654.497 24.304546
9335700 -17684.1 -10176.5 -662.421 -493.648 24.414539
9335900 -17185.8 11657.9 -69.5487 -451.991 24.414539
9342700 21150.9 -14008.2 688.278 -582.799 24.414539
9345300 41560.8 -17866 -1090.31 -7.49448 24.414539
9345500 43434.7 -18370.5 -870.131 601.089 24.414539
9335700 -17715.8 -10153.5 -636.867 -507.651 24.514542
9335900 -17247 11621.7 -93.6652 -479.265 24.514542
9342700 21228 -14061.2 797.81 -613.366 24.514542
9345300 41486.1 -17784.6 -1107.42 444.254 24.514542
9345500 43358.6 -18325.6 -830.326 663.268 24.514542
9335700 -17719.3 -10192.3 -604.816 -490.424 24.624542
9335900 -17298.2 11643.5 -197.672 -218.169 24.624542
9342700 21322.9 -14145.7 709.919 -515.836 24.624542
9345300 41326.7 -17728.1 -1045.77 566.046 24.624542
9345500 43225.8 -18233.4 -874.062 705.783 24.624542
9345600 41301 -18466 1462.57 3.022 24.624542
9335700 -17734.9 -10221.4 -589.54 -421.306 24.734539
9335900 -17269.9 11645.5 -173.177 -339.474 24.734539
9342700 21352.8 -14167.6 669.274 -494.771 24.734539
9345300 41284.8 -17717.1 -909.388 412.151 24.734539
9345500 43165.5 -18202.2 -839.308 639.127 24.734539
9345600 41275.4 -18460.1 -1285.06 376.945 24.734539
9335700 -17762.7 -10257.2 -557.805 -377.831 24.834543
9335900 -17321.4 11632.5 -148.048 -168.445 24.834543
9342700 21522.1 -14200.4 807.072 -451.128 24.834543
9345300 41136 -17638.6 -991.976 613.959 24.834543
9345500 43015.1 -18161.4 -823.952 472.525 24.834543
9345600 41220.3 -18574 -1087.24 -98.1918 24.834543
9335700 -17768.1 -10259.8 -592.784 -371.354 24.944542
9335900 -17350.7 11629.7 -112.568 -177.866 24.944542
9342700 21641.4 -14256.9 896.975 -556.972 24.944542
9345300 40981.9 -17590.6 -1041.16 639.159 24.944542
9345500 42894.6 -18167.9 -796.556 186.129 24.944542
9345600 41129.4 -18347.7 -1131.58 438.451 24.944542
9335700 -17750.6 -10270.6 -573.723 -498.732 25.054544
9335900 -17307.1 11655.1 -39.8775 -101.458 25.054544
9342700 21717.4 -14301.3 828.313 -541.543 25.054544
9345300 40895.4 -17554.3 -1038.21 661.313 25.054544
9345500 42771.7 -18259.8 -828.867 -160.61 25.054544
9345600 41007.9 -18507.9 -1362.53 -111.678 25.054544
9335700 -17751.2 -10322.1 -551.35 -335.43 25.164541
9335900 -17442.4 11583.2 -117.638 -236.874 25.164541
9342700 21862 -14428.7 834.502 -677.309 25.164541
9345300 40758.4 -17572.2 -794.047 407.477 25.164541
9345500 42613.3 -18279 -906.511 -43.404 25.164541
9345600 40822.7 -18576.9 -1238.15 -281.279 25.164541
9335700 -17745.2 -10339.3 -548.393 -316.142 25.274540
9335900 -17526.6 11638.5 -147.182 -105.065 25.274540
9342700 21988.2 -14598 979.368 -835.284 25.274540
9345300 40522.1 -17636 -713.599 156.236 25.274540
9345500 42442.6 -18359.5 -941.67 -320.348 25.274540
9345600 40679.4 -18629.5 -1090.76 -164.509 25.274540
9335700 -17707.9 -10328.9 -479.487 -299.415 25.374550
9335900 -17525.3 11652.5 -215.24 -192.813 25.374550
9342700 22069.5 -14629.2 1007.35 -740.646 25.374550
9345300 40424.4 -17653.3 -845.918 -2.80259 25.374550
9345500 42358.6 -18423.4 -1051.18 -464.202 25.374550
9345600 40570.8 -18607.8 -1115.01 26.8056 25.374550
9335700 -17723.7 -10346.3 -563.692 -385.032 25.484541
9335900 -17492.1 11531 -273.018 -525.649 25.484541
9342700 22191.8 -14731.6 1058.6 -721.4 25.484541
9345300 40272.2 -17690.3 -863.871 -32.3823 25.484541
9345500 42169.4 -18446.5 -1104.11 -367.168 25.484541
9345600 40335.2 -18632.5 -1257.81 -71.4433 25.484541
9335700 -17707.5 -10303.7 -549.94 -235.357 25.594543
9335900 -17474.9 11526 -146.709 -561.018 25.594543
9342700 22367.8 -14870.8 1104.99 -676.523 25.594543
9345300 40090.7 -17669.5 -959.258 197.923 25.594543
9345500 42060.7 -18468.4 -979.47 -175.205 25.594543
9345600 40145 -18619.4 -1216.88 -1.41646 25.594543
9345700 20839 -12135 23.7646 1059.94 25.594543
9335700 -17727.8 -10290.8 -652.275 -205.538 25.704548
9335900 -17414.5 11502.3 91.9938 -545.95 25.704548
9342700 22455.7 -14885.2 1183.72 -541.013 25.704548
9345300 39963.4 -17688.2 -1079.34 38.5019 25.704548
9345500 41967.7 -18492.9 -1095.01 -251.984 25.704548
9345600 40098.3 -18558.2 -1056.35 226.538 25.704548
9345700 20894 -12152.4 922.27 187.725 25.704548
9335700 -17709.6 -10241.4 -398.618 -142.395 25.814541
9335900 -17336.4 11457.8 182.196 -510.076 25.814541
9342700 22568.1 -14934.1 1075.46 -498.802 25.814541
9345300 39720.6 -17746.8 -1199.06 -386.305 25.814541
9345500 41831.5 -18476.8 -1109.05 -96.2608 25.814541
9345600 39933.2 -18512.5 -874.425 339.321 25.814541
9345700 21022.3 -12199.7 847.968 -158.917 25.814541
9335700 -17686.3 -10242.3 -373.937 -66.1011 25.914541
9335900 -17314 11455.9 278.01 -591.225 25.914541
9342700 22658.5 -14961.5 1161.08 -480.08 25.914541
9345300 39590 -17808.6 -1234.85 -572.949 25.914541
9345500 41734.5 -18425.2 -1241.39 98.713 25.914541
9345600 39846.8 -18481.9 -791.955 389.181 25.914541
9345700 21065 -12241.5 718.783 -365.735 25.914541
9335700 -17669.1 -10244.1 -543.904 -89.1456 26.024546
9335900 -17315.4 11501.8 -2.76604 -373.187 26.024546
9342700 22791.9 -14994.4 1000.96 -233.445 26.024546
9345300 39370.6 -17874 -1426.79 -470.943 26.024546
9345500 41542.1 -18313 -1267.02 284.417 26.024546
9345600 39700.2 -18484.1 -743.387 436.643 26.024546
9345700 21111.6 -12385 607.744 -649.917 26.024546
9335700 -17703.5 -10269.7 -659.007 -249.469 26.134541
9335900 -17386.6 11540.4 -273.051 -262.827 26.134541
9342700 22944.2 -15125.9 1055.77 -512.125 26.134541
9345300 39166.9 -17853.4 -1436.26 -92.9386 26.134541
9345500 41379.5 -18284.9 -1195.78 336.452 26.134541
9345600 39509.1 -18506.6 -921.283 290.715 26.134541
9345700 21088.8 -12436.4 436.375 -519.267 26.134541
9335700 -17714.2 -10288.2 -700.661 -348.451 26.244543
9335900 -17436.6 11572.8 -534.526 -300.58 26.244543
9342700 22932.5 -15199.7 944.884 -581.251 26.244543
9345300 38966.8 -17750.2 -1658.44 181.423 26.244543
9345500 41317.6 -18256.8 -1211.7 400.978 26.244543
9345600 39410 -18495.6 -1013.88 264.129 26.244543
9345700 21113.5 -12517.5 404.219 -731.971 26.244543
9335700 -17731.2 -10242.6 -712.849 -459.493 26.354546
9335900 -17457.7 11610.6 -587.914 -117.943 26.354546
9342700 23012.5 -15256.1 746.389 -420.012 26.354546
9345300 38736.9 -17685.9 -1560.06 370.696 26.354546
9345500 41234 -18245.4 -1081.52 382.254 26.354546
9345600 39215.6 -18489.5 -1309.22 310.466 26.354546
9345700 21212.9 -12602.9 488.586 -758.056 26.354546
9335700 -17776.6 -10124.3 -539.014 -421.552 26.464521
9335900 -17479.8 11636.2 -655.551 -156.757 26.464521
9342700 23127.4 -15371.6 700.273 -535.73 26.464521
9345300 38530.7 -17698.9 -1667.67 126.536 26.464521
9345500 41126.8 -18198.1 -1015.75 372.86 26.464521
9345600 38927.8 -18539.4 -1589.72 140.404 26.464521
9345700 21352.3 -12695.8 678.883 -687.185 26.464521
9335700 -17792.8 -10112.1 -489.029 -406.238 26.574543
9335900 -17508.8 11664.1 -632.048 -87.6998 26.574543
9342700 23200.1 -15392.7 761.777 -557.744 26.574543
9345300 38431.4 -17663.4 -1594.77 343.358 26.574543
9345500 41036.6 -18201.1 -1003.66 197.121 26.574543
9345600 38797.1 -18518.1 -1605.58 248.407 26.574543
9345700 21419.2 -12714.1 693.97 -596.858 26.574543
9335700 -17794.9 -10113.8 -595.796 -455.733 26.684538
9335900 -17540.6 11714.8 -724.279 -3.48744 26.684538
9342700 23329.9 -15487.2 751.042 -570.171 26.684538
9345300 38271 -17666.3 -1291.85 196.335 26.684538
9345500 40866.4 -18286.9 -1043.09 -152.973 26.684538
9345600 38448.7 -18534.2 -1908.6 81.7549 26.684538
9345700 21591 -12786.7 796.635 -649.591 26.684538
9335700 -17768.7 -10110.9 -542.662 -417.695 26.784540
9335900 -17558.1 11746.4 -671.146 169.476 26.784540
9342700 23415.8 -15536.2 825.605 -537.384 26.784540
9345300 38267.5 -17725.5 -891.524 59.4686 26.784540
9345500 40724.7 -18347.1 -1238.22 -293.744 26.784540
9345600 38277.6 -18468.1 -2128.47 298.886 26.784540
9345700 21658.2 -12840.2 817.494 -632.016 26.784540
9335700 -17736.8 -10099.1 -441.156 -428.124 26.884548
9335900 -17558.4 11736.6 -687.304 455.332 26.884548
9342700 23557 -15606.8 924.405 -502.462 26.884548
9345300 38108.2 -17779.8 -1017.88 -41.4707 26.884548
9345500 40503.7 -18441.8 -1370.4 -341.747 26.884548
9345600 38137.2 -18584.1 -1854.63 -18.3356 26.884548
9345700 21780.4 -12874.7 806.556 -573.88 26.884548
9335700 -17727.1 -10104.7 -398.23 -458.086 26.994513
9335900 -17555.4 11757.5 -642.848 459.596 26.994513
9342700 23630.4 -15605 885.298 -399.513 26.994513
9345300 38037.4 -17783 -1054.77 -104.397 26.994513
9345500 40427.8 -18459.3 -1320.35 -328.064 26.994513
9345600 38061.8 -18552.7 -1869.24 63.755 26.994513
9345700 21819.8 -12907.5 790.948 -551.405 26.994513
9335700 -17687.6 -10189.3 -313.607 -512.635 27.094513
9335900 -17577 11823.7 -486.735 523.907 27.094513
9342700 23765.3 -15680.4 815.742 -519.149 27.094513
9345300 37808.2 -17770.5 -1059.82 88.3265 27.094513
9345500 40289.9 -18499.9 -1091.69 -252.719 27.094513
9345600 37810.9 -18526.4 -1868.18 351.856 27.094513
9345700 21918.8 -12953.3 718.732 -445.544 27.094513
9335700 -17630.8 -10352.9 -180.59 -756.748 27.204514
9335900 -17554.5 11840.8 -338.29 523.892 27.204514
9342700 23838.3 -15720.3 694.479 -502.568 27.204514
9345300 37598.8 -17763.9 -1200.05 -24.4926 27.204514
9345500 40117 -18582.9 -1126.58 -457.148 27.204514
9345600 37517.7 -18480.1 -1926.89 638.027 27.204514
9345700 21988.2 -12995.1 593.13 -414.257 27.204514
9335700 -17661.8 -10304.6 -219.009 -583.187 27.314552
9335900 -17531.2 11895.1 -250.085 618.266 27.314552
9342700 23885.6 -15757.4 647.364 -452.617 27.314552
9345300 37504.3 -17757.2 -1249.65 -59.4977 27.314552
9345500 39994 -18583 -1211.53 -316.803 27.314552
9345600 37410 -18440.4 -1828.73 711.631 27.314552
9345700 22164.8 -13058.6 904.219 -437.534 27.314552
9335700 -17674.2 -10220.9 -315.311 -500.066 27.424540
9335900 -17494.3 11967.9 -87.7498 701.602 27.424540
9342700 24087.4 -15961 813.401 -651.938 27.424540
9345300 37241.5 -17784.6 -1363.42 -96.9257 27.424540
9345500 39804.1 -18607.2 -1499.48 -203.1 27.424540
9345600 37184.5 -18441.4 -1722.11 408.549 27.424540
9345700 22416 -13018.7 1325.93 -105.572 27.424540
9335700 -17691.3 -10192.6 -296.354 -483.233 27.534540
9335900 -17399.1 12003.8 27.8047 735.484 27.534540
9342700 24093.6 -15967.3 630.947 -407.706 27.534540
9345300 37060.6 -17753.8 -1290.99 3.16258 27.534540
9345500 39550.7 -18642.7 -1690.2 -212.427 27.534540
9345600 37032.3 -18533.3 -1601.11 115.492 27.534540
9345700 22517.9 -13146.7 1057.23 -295.776 27.534540
9335700 -17713.2 -10113.6 -347.89 -589.042 27.644543
9335900 -17339.1 12048.7 80.5357 843.566 27.644543
9342700 24134.6 -15948.3 666.429 -280.25 27.644543
9345300 36868 -17712.8 -1588.4 -3.91892 27.644543
9345500 39422.9 -18668 -1724.31 -242.242 27.644543
9345600 36888.4 -18581.8 -1565.59 -140.398 27.644543
9345700 22566.3 -13176.1 983.913 -295.687 27.644543
9335700 -17697 -10137.7 -243.733 -556.029 27.754539
9335900 -17253.5 12172.2 239.326 915.613 27.754539
9342700 24379.5 -16003.5 900.808 -374.94 27.754539
9345300 36844.3 -17646.3 -1132.25 291.998 27.754539
9345500 39210.8 -18703.8 -1787.18 -26.286 27.754539
9345600 36709.4 -18547 -1549.4 -56.789 27.754539
9345700 22737.6 -13132.4 1117.11 -238.813 27.754539
9335700 -17690.7 -10123.5 -314.123 -606.255 27.854542
9335900 -17207.4 12219.1 442.681 902.487 27.854542
9342700 24515.3 -16057.7 1060.99 -467.416 27.854542
9345300 36746.5 -17616 -1149.26 332.526 27.854542
9345500 39119.9 -18637.4 -1801.82 166.032 27.854542
9345600 36615.5 -18504 -1477.95 61.9766 27.854542
9345700 22818.8 -13208 1035.9 -203.143 27.854542
9335700 -17714.2 -10160.5 -334.905 -613.346 27.964516
9335900 -17054.1 12209.9 617.8 366.781 27.964516
9342700 24663.2 -16095.2 943.914 -269.851 27.964516
9345300 36521.2 -17567.3 -1186.72 440.035 27.964516
9345500 38955.7 -18582.7 -1626.62 436.75 27.964516
9345600 36439.6 -18431.3 -1203.06 311.51 27.964516
9345700 22936.7 -13250.6 977.539 -146.871 27.964516
9335700 -17730.3 -10167.1 -394.503 -630.699 28.064535
9335900 -17000.8 12196 604.343 260.791 28.064535
9342700 24675.6 -16090.6 858.972 -183.66 28.064535
9345300 36416.7 -17543.6 -1160.85 379.731 28.064535
9345500 38906.8 -18592.9 -1413.34 151.811 28.064535
9345600 36369 -18401 -1107.07 389.695 28.064535
9345700 23079.1 -13444.5 1433.22 -743.618 28.064535
9335700 -17725 -10198.7 -382.868 -590.871 28.164543
9335900 -16966.4 12181.8 636.686 270.453 28.164543
9342700 24802.4 -16094.3 980.146 -110.086 28.164543
9345300 36249.8 -17513.8 -1015.74 384.686 28.164543
9345500 38735.3 -18736.8 -1170.05 -180.518 28.164543
9345600 36243.1 -18446.3 -956.972 -17.1723 28.164543
9345700 23234.1 -13447.5 1108.57 -356.06 28.164543
9335700 -17646.3 -10183.5 -329.514 -647.341 28.274540
9335900 -16973.6 12152.1 681.986 270.114 28.274540
9342700 24893.1 -16103 862.731 -59.644 28.274540
9345300 36006.8 -17555.4 -1405.08 280.392 28.274540
9345500 38581.7 -18791.3 -1136.74 -157.078 28.274540
9345600 36058.7 -18473.5 -1016.67 -229.664 28.274540
9345700 23536.2 -13606.6 1454 -526.956 28.274540
9335700 -17646.7 -10195.2 -343.469 -602.434 28.374542
9335900 -16945.1 12160.4 739.727 297.496 28.374542
9342700 24912.5 -16131.6 748.33 -54.0237 28.374542
9345300 35851 -17539.7 -1498.55 344.865 28.374542
9345500 38481.5 -18751.1 -1045.64 71.4595 28.374542
9345600 35937.2 -18491.1 -1075.51 -140.093 28.374542
9345700 23593 -13629.7 1287.77 -500.648 28.374542
9335700 -17606.5 -10246.3 -333.961 -660.96 28.484543
9335900 -16928.7 12108.7 699.145 313.633 28.484543
9342700 24998.9 -16174.3 782.058 -86.7958 28.484543
9345300 35733.1 -17486.3 -1324.37 406.771 28.484543
9345500 38277.7 -18678.3 -1334.38 207.313 28.484543
9345600 35677.8 -18437.4 -1130.21 51.536 28.484543
9345700 23728.1 -13668.3 1099.87 -415.987 28.484543
9335700 -17538.1 -10220.9 -208.669 -674.068 28.594540
9335900 -16873.6 12094.9 599.557 225.66 28.594540
9342700 25107.6 -16201.7 776.041 -111.449 28.594540
9345300 35459.5 -17445.9 -1398.2 344.637 28.594540
9345500 38005.5 -18563.8 -1546.65 467.664 28.594540
9345600 35430.4 -18417.3 -1230.25 -35.4338 28.594540
9345700 23863.7 -13732.6 1075.02 -505.868 28.594540
9335700 -17465.8 -10231.1 10.5515 -660.393 28.704525
9335900 -16855.2 12074.8 589.661 248.552 28.704525
9342700 25206.6 -16258.1 841.406 -163.865 28.704525
9345300 35359.2 -17440.4 -1443.06 185.346 28.704525
9345500 37869.6 -18498.4 -1651.83 532.194 28.704525
9345600 35370.8 -18377.8 -1206.32 45.463 28.704525
9345700 23971 -13804.6 1116.74 -523.51 28.704525
9335700 -17407.1 -10268.6 211.542 -667.969 28.804543
9335900 -16871.5 12045.1 583.234 236.317 28.804543
9342700 25297.9 -16311.3 719.739 -238.872 28.804543
9345300 35205.2 -17362.2 -1228.26 408.622 28.804543
9345500 37689.3 -18498.9 -1477.04 292.193 28.804543
9345600 35136.2 -18359.3 -1385.68 46.3783 28.804543
9345700 24121.2 -13850.1 1163.33 -404.079 28.804543
9335700 -17378.1 -10264.5 222.851 -569.186 28.904547
9335900 -16854.1 12041.6 655.039 229.055 28.904547
9342700 25372.1 -16299.7 926.77 -85.1841 28.904547
9345300 35130.8 -17362.1 -1179.68 320.69 28.904547
9345500 37594.7 -18453.3 -1418.74 398.911 28.904547
9345600 35036 -18338.3 -1501.27 128.872 28.904547
9345700 24218.6 -13906.8 1340.43 -499.714 28.904547
9335700 -17328.5 -10256.3 201.121 -547.234 29.014542
9335900 -16876.3 12047.3 701.093 346.049 29.014542
9342700 25536.6 -16357 970.813 -173.267 29.014542
9345300 34938.5 -17340.8 -1203.25 169.139 29.014542
9345500 37434.4 -18389.5 -1315.31 290.94 29.014542
9345600 34800.7 -18336.8 -1126.03 268.709 29.014542
9345700 24332.4 -13940.3 1226.93 -274.651 29.014542
9335700 -17296.2 -10258.1 233.952 -612.729 29.114544
9335900 -16903 12032 712.42 363.096 29.114544
9342700 25625.4 -16432.9 969.749 -254.593 29.114544
9345300 34853.1 -17355.3 -1103.56 58.205 29.114544
9345500 37341 -18383.5 -1210.15 192.159 29.114544
9345600 34715.2 -18292.3 -1019.06 390.977 29.114544
9345700 24376.8 -13916.1 1150.48 -128.715 29.114544
9350000 42491 -18248 -771.743 510.591 29.114544
9335700 -17288.6 -10313.2 126.167 -688.85 29.224546
9335900 -16923.1 11999.4 687.103 318.696 29.224546
9342700 25742.8 -16475.7 937.825 -279.559 29.224546
9345300 34629 -17424.5 -1129.88 -115.687 29.224546
9345500 37076.6 -18526.8 -1376.65 -186.301 29.224546
9345600 34573.6 -18226.4 -933.161 507.838 29.224546
9345700 24777.6 -14148.7 1556.76 -275.821 29.224546
9350000 42363.8 -18292 -935.126 -197.404 29.224546
9350001 -19177 -8957 799.734 665.002 29.224546
9335700 -17334.8 -10363.4 -28.9986 -774.008 29.334541
9335900 -16934.4 11995.7 620.141 308.101 29.334541
9342700 25778.1 -16537.3 824.824 -341.28 29.334541
9345300 34529.7 -17441.9 -1189.5 -143.103 29.334541
9345500 36938 -18517.5 -1346.67 77.4911 29.334541
9345600 34478 -18207.4 -906.123 513.575 29.334541
9345700 24826.1 -14294.7 1318.52 -289.721 29.334541
9350000 42258.2 -18341.4 -1117.67 -324.978 29.334541
9350001 -19098 -8891.97 806.369 683.992 29.334541
9335700 -17464.5 -10361.6 -371.997 -640.309 29.434549
9335900 -16939.7 11996.6 695.734 277.059 29.434549
9342700 25911 -16655.4 822.353 -441.645 29.434549
9345300 34419.8 -17393.2 -1177.02 46.9171 29.434549
9345500 36731.4 -18400.2 -1251.85 177.087 29.434549
9345600 34287 -18193.3 -977.691 584.603 29.434549
9345700 24992.3 -14330.9 1147.31 -237.903 29.434549
9350000 42023.4 -18437.7 -1304.97 -605.318 29.434549
9350001 -18919.9 -8759.26 908.427 814.859 29.434549
9335700 -17633.5 -10312.3 -587.425 -343.564 29.534552
9335900 -16918.9 12020.1 615.011 274.481 29.534552
9342700 26036.3 -16640.2 806.736 -251.805 29.534552
9345300 34255.7 -17319.3 -1179.4 221.19 29.534552
9345500 36551.8 -18346.7 -1230.59 208.27 29.534552
9345600 34196.7 -18075.1 -892.555 646.031 29.534552
9345700 25039.5 -14345.2 791.763 -110.061 29.534552
9350000 41809.4 -18446.1 -1538.33 -534.84 29.534552
9350001 -18813.1 -8575.84 840.572 897.288 29.534552
9335700 -17668.5 -10321.5 -438.631 -337.682 29.644547
9335900 -16873.7 12032.3 727.41 270.889 29.644547
9342700 26069.9 -16652.3 847.116 -211.285 29.644547
9345300 34135 -17332.3 -1222.13 118.742 29.644547
9345500 36474.1 -18254.4 -1061.69 439.51 29.644547
9345600 34156 -18032.5 -905.893 666.358 29.644547
9345700 25020.9 -14324.6 670.053 -26.3745 29.644547
9350000 41683.4 -18465.7 -1539.18 -513.636 29.644547
9350001 -18720.1 -8499.71 943.904 879.154 29.644547
9335700 -17659 -10341.3 -393.898 -438.853 29.746141
9335900 -16772.6 11997.2 788.886 79.9949 29.746141
9342700 26099.1 -16629.9 709.544 -185.776 29.746141
9345300 33833.5 -17397.5 -1330.4 -279.654 29.746141
9345500 36296.4 -18198.2 -1159.61 298.367 29.746141
9345600 33943.4 -17996.4 -1021.83 674.542 29.746141
9345700 25020.3 -14345.6 764.25 97.9202 29.746141
9350000 41539.8 -18495.4 -1319.02 -386.935 29.746141
9350001 -18517.1 -8338.44 1096.01 882.271 29.746141
9335700 -17628.4 -10319.4 -341.967 -392.227 29.846146
9335900 -16775.2 11978.5 772.522 134.042 29.846146
9342700 26060.3 -16609.8 634.412 -72.9406 29.846146
9345300 33740 -17404.5 -1150.4 -227.661 29.846146
9345500 36189.6 -18223.9 -1189.3 221.902 29.846146
9345600 33861.4 -17968.1 -1133.99 753.793 29.846146
9345700 25037.3 -14333 797.923 225.694 29.846146
9350000 41471.5 -18386 -1472.68 4.81661 29.846146
9350001 -18396 -8278.28 1142.81 854.617 29.846146
9335700 -17583.6 -10323.7 -354.827 -460.824 29.956118
9335900 -16847.1 11960.6 704.723 215.557 29.956118
9342700 26137.7 -16633.7 705.957 -5.59913 29.956118
9345300 33527.9 -17395.6 -1085.89 -304.545 29.956118
9345500 35916 -18236.3 -1294.92 189.113 29.956118
9345600 33577.3 -17927.3 -1308.05 745.411 29.956118
9345700 25096.4 -14348.3 726.517 175.64 29.956118
9350000 41331.9 -18359.5 -1349.69 9.20262 29.956118
9350001 -18189.8 -8205.75 1143.46 704.64 29.956118
