### mean error data for gnuplot ###
#
#time 	 pred step 	 personid 	 mean Er xy 	 stdev xy 	 mean Er th 	 stdev th
1	0		0	0	0.700467	0.3803
1	1		640.715	357.91	0.718404	0.181689
1	2		1106.48	482.557	0.770285	0.0816264
1	3		2043.22	760.527	0.976818	0.194472
1	4		3072.92	1330.46	1.12587	0.404491
1	5		4149.72	2036.23	1.23921	0.399506
1	6		5254.83	2724.33	1.2612	0.592256
1	7		6376.1	3375.34	1.20179	0.580548
1	8		7430.42	4120.33	1.07226	0.412342
2	0		0	0	0.659367	0.0457477
2	1		485.678	341.773	0.688606	0.0763153
2	2		963.434	819.85	0.886905	0.265908
2	3		1526.49	1218.53	1.02069	0.467287
2	4		2147.37	1882.7	1.15132	0.449572
2	5		2830.76	2575.8	1.13987	0.650049
2	6		3663.46	3146.9	1.07707	0.64354
2	7		4356.43	3856.22	0.960991	0.482456
2	8		5027.49	4761.6	1.05744	0.439737
3	0		0	0	0.607696	0.216199
3	1		497.241	410.831	0.721434	0.371111
3	2		1089.99	1090.15	0.903894	0.447028
3	3		1829.04	1812.48	1.04917	0.412986
3	4		2411.61	2562.42	0.901748	0.6518
3	5		3000.79	3185.75	0.873332	0.626693
3	6		3621.5	3961.24	0.865286	0.458463
3	7		4199.49	4892.04	0.858189	0.498176
3	8		4707.98	5702.79	0.852398	0.533025
4	0		0	0	0.772349	0.447917
4	1		607.815	372.883	0.911619	0.414376
4	2		1102.35	630.025	1.03949	0.356508
4	3		1446.53	858.48	0.852719	0.556675
4	4		1927.28	1123.16	0.838233	0.537801
4	5		2572.84	1356.03	0.876322	0.432784
4	6		3087.24	1762.53	0.849292	0.500989
4	7		3356.95	2050.25	0.829232	0.545771
4	8		2949.09	2064.98	0.597857	0.260701
5	0		0	0	0.847426	0.383635
5	1		306.913	202.4	0.953381	0.320814
5	2		717.271	370.435	0.831088	0.341566
5	3		1098.66	586.621	0.825962	0.352877
5	4		1277.61	823.628	0.859968	0.37346
5	5		1533.25	938.355	0.803406	0.437395
5	6		1759.26	1290.73	0.818849	0.423441
5	7		2285.76	1343.06	0.608811	0.221222
5	8		2416.98	2149.84	0.744579	0.173442
6	0		0	0	1.03056	0.274344
6	1		528.26	318.554	0.926711	0.268624
6	2		1099.8	534.353	0.927181	0.273548
6	3		1340.41	651.32	0.964624	0.308944
6	4		1710.07	1040.71	0.92897	0.355483
6	5		2083.59	1148.79	0.93835	0.342207
6	6		2856.66	1353.93	0.762466	0.178024
6	7		2619.22	647.118	0.851417	0.107662
6	8		2993.46	859.795	0.849832	0.132083
7	0		0	0	0.737885	0.332388
7	1		358.967	73.2142	0.753812	0.32654
7	2		740.128	300.011	0.849883	0.348713
7	3		1160.6	299.022	0.806219	0.400199
7	4		1581.27	459.02	0.802964	0.415065
7	5		1824.02	673.437	0.625065	0.164401
7	6		2577.3	333.56	0.801707	0.100484
7	7		3059.23	239.057	0.810044	0.0781486
7	8		3657.85	492.844	0.794655	0.151223
8	0		0	0	0.752303	0.34237
8	1		504.793	188.166	0.832214	0.378128
8	2		958.731	510.265	0.801431	0.403492
8	3		1247.11	822.724	0.802007	0.410099
8	4		1707.58	1249.48	0.61614	0.159068
8	5		2335.23	1247.75	0.76679	0.163315
8	6		2851.14	1605.72	0.787648	0.0910097
8	7		3119.89	1770.25	0.787613	0.0973374
8	8		3459.84	1918.64	0.710866	0.0691981
9	0		0	0	0.859382	0.404448
9	1		532.895	266.152	0.840442	0.411537
9	2		916.44	532.782	0.853899	0.400569
9	3		1609.38	717.846	0.657454	0.192285
9	4		1904.1	1053.68	0.741108	0.205996
9	5		2316.3	1234.09	0.768779	0.125413
9	6		2849.45	1496.09	0.777402	0.0922682
9	7		3232.35	1713.96	0.690744	0.106944
9	8		3782.61	1821.43	0.810833	0.099179
10	0		0	0	0.728785	0.529993
10	1		227.699	193.155	0.751365	0.508834
10	2		506.718	177.836	0.531803	0.33438
10	3		418.532	197.181	0.731905	0.276974
10	4		613.864	202.061	0.745111	0.248967
10	5		543.303	377.782	0.733216	0.297257
10	6		716.391	466.698	0.649567	0.27319
10	7		1007.94	679.469	0.766119	0.287511
10	8		1365.1	880.108	0.820847	0.258586
11	0		0	0	0.752947	0.518145
11	1		365.676	253.886	0.555072	0.328248
11	2		606.956	106.072	0.766619	0.282019
11	3		743.597	155.77	0.780801	0.253915
11	4		903.887	258.313	0.779382	0.284314
11	5		1159.7	304.725	0.69437	0.279855
11	6		1527.63	550.259	0.806617	0.284749
11	7		1741.02	677.004	0.849263	0.267194
11	8		2155.54	909.768	0.948117	0.173612
12	0		0	0	0.537016	0.3213
12	1		631.145	237.348	0.735749	0.263357
12	2		790.351	437.188	0.747663	0.244159
12	3		1422.06	608.454	0.733317	0.303061
12	4		1828.13	692.424	0.653675	0.27826
12	5		2356.91	717.969	0.767852	0.299834
12	6		2838.63	952.608	0.825395	0.263096
12	7		3236.04	948.629	0.921922	0.176821
12	8		4003.78	974.033	0.867909	0.254937
13	0		0	0	0.836126	0.241774
13	1		506.563	110.106	0.853457	0.186589
13	2		576.363	290.356	0.86601	0.148999
13	3		751.375	458.91	0.777641	0.19037
13	4		966.135	530.815	0.880787	0.169815
13	5		1193.06	494.135	0.903746	0.211565
13	6		1637.94	600.504	0.984111	0.106905
13	7		2055.06	658.23	0.941472	0.175691
13	8		2485.99	705.353	0.889666	0.148288
14	0		0	0	1.02211	0.311045
14	1		512.239	188.656	1.06302	0.388787
14	2		947.34	605.289	1.04848	0.46504
14	3		1530.63	1333.76	1.12652	0.450854
14	4		2124.33	2371.93	1.15612	0.433033
14	5		2751.37	3129.53	1.21044	0.387784
14	6		3473.36	3782.23	1.17805	0.42653
14	7		4248.01	4665.46	1.14316	0.436866
14	8		5099.87	5337.76	1.09599	0.451909
15	0		0	0	0.976076	0.391041
15	1		406.591	75.0954	0.912347	0.314919
15	2		892.681	414.288	0.952891	0.321246
15	3		1580.1	981.246	1.01714	0.243874
15	4		2140.5	1404.52	1.04952	0.223266
15	5		2610.79	1857.01	1.00227	0.298612
15	6		3277.38	2433.92	0.978964	0.295195
15	7		3710.09	2970.45	0.934544	0.315118
15	8		4669.51	3372.19	1.06363	0.273121
16	0		0	0	0.746895	0.191931
16	1		436.594	208.764	0.779641	0.225474
16	2		1032.45	583.247	0.829431	0.19848
16	3		1509.13	769.047	0.877007	0.178624
16	4		1940.78	870.321	0.835453	0.227281
16	5		2591.62	1205.99	0.804214	0.196942
16	6		3069.11	1460.54	0.765252	0.174825
16	7		4032.16	1179.21	0.916342	0.17838
16	8		4150.51	660.991	1.16788	0.516014
17	0		0	0	0.753717	0.334807
17	1		310.833	190.987	0.811336	0.305677
17	2		552.93	361.448	0.822988	0.33858
17	3		954.875	344.269	0.769998	0.363304
17	4		1266.36	454.869	0.742719	0.341381
17	5		1508.71	500.261	0.717452	0.290074
17	6		1880	724.063	0.951736	0.081118
17	7		2883.73	549.748	1.26876	0.517755
17	8		4490.22	959.595	1.55887	0.841051
18	0		0	0	0.836845	0.311858
18	1		539.397	147.787	0.868499	0.340598
18	2		1193.97	385.003	0.835405	0.355535
18	3		1569.08	538.547	0.799045	0.334815
18	4		2036.12	922.701	0.783085	0.274736
18	5		3350.55	828.254	0.973028	0.0866036
18	6		4776	1434.14	1.30287	0.487714
18	7		6403.01	2613.26	1.58584	0.83146
18	8		8066.53	3702.52	1.44456	0.659044
19	0		0	0	0.855448	0.39807
19	1		264.083	115.04	0.804876	0.414775
19	2		418.577	231.609	0.789681	0.392461
19	3		661.096	464.087	0.77936	0.323447
19	4		1347.03	776.954	0.987692	0.101937
19	5		2221.08	1311.02	1.31251	0.506753
19	6		3539.02	1923.54	1.62504	0.85986
19	7		4723.89	2705.49	1.45522	0.684222
19	8		5880.68	3498.73	1.15768	0.296192
20	0		0	0	0.730978	0.446434
20	1		209.514	99.8709	0.725999	0.425895
20	2		555.695	41.3838	0.710837	0.365839
20	3		1246.05	224.931	0.950769	0.235567
20	4		2146.85	534.896	1.26708	0.591562
20	5		3361.3	1582.57	1.60905	0.915563
20	6		4617.86	2413.08	1.41443	0.758998
20	7		5693.41	3057.83	1.10865	0.408674
20	8		7069.68	3814.6	1.24084	0.542943
21	0		0	0	0.705662	0.405263
21	1		603.666	228.357	0.695467	0.329842
21	2		1534.86	177.381	0.938074	0.141233
21	3		2702.66	97.9085	1.26405	0.555523
21	4		4017.27	952.391	1.59782	0.911155
21	5		5409.79	1652.05	1.41138	0.735652
21	6		6674.38	2106.05	1.10686	0.356387
21	7		8061.57	2698.71	1.23123	0.515747
21	8		9364.6	3063.44	1.08927	0.33531
22	0		0	0	0.651676	0.297501
22	1		601.372	369.789	0.860299	0.232121
22	2		1533.81	1090.06	1.16685	0.639937
22	3		2783.38	2496.08	1.50033	0.925211
22	4		3864.46	3705.7	1.3167	0.79984
22	5		4967.49	4694.26	1.02028	0.451769
22	6		6160.94	5746.69	1.14802	0.586582
22	7		7306.9	6504.68	1.00852	0.425635
23	0		0	0	0.868339	0.321853
23	1		714.742	349.469	1.0319	0.584137
23	2		1806.93	1361.87	1.22164	0.665047
23	3		2670.55	2386.04	1.12467	0.66859
23	4		3724.47	3415.49	0.954277	0.480234
23	5		4824.53	4451.69	1.02482	0.56395
23	6		5797.18	5412.79	0.946972	0.463561
24	0		0	0	0.842169	0.511146
24	1		771.278	478.959	0.926112	0.31989
24	2		1514.08	994.437	0.852884	0.400548
24	3		2396.53	1617.55	1.00691	0.474557
24	4		3247.9	2243.04	0.951898	0.396073
24	5		4103.53	2893.44	0.954282	0.480459
